#       w          Data Heig
                
  113.699 4.2329       17373
  113.656 4.2169       15814
  113.537 4.1999       14606
  113.572 4.1629       14691
  113.688 4.0519       14332
  113.519 4.0319       13120
  113.562 3.9749       13321
  113.666 3.8769       12820
  111.958 2.2519       15102
  108.927 2.9179       13107
  108.768 4.2489       13314
  108.769 4.0869       17402
  108.764 4.0429       14702
  106.674 4.2709       18120
  106.567 4.0249       15082
  106.329 4.2439       13492
  106.001 4.2229       14656
  103.055 4.2449       18161
  101.805 2.8889       12837
  100.001 4.2739       13576
   98.667 4.2039       46750
   98.012 0.0859       13960
   97.775 4.1809       16428
   94.845 2.2669       19247
   94.801 0.5859       12931
   90.177 3.8909       13293
   89.239 4.0089       15579
   88.659 2.2609       20183
   87.711 4.2369       14696
   87.658 3.4099       14360
   86.447 3.3949       14000
   85.892 0.5749       13681
   85.282 3.4919       13599
   84.595 3.2399       13107
   84.385 3.4899       14231
   84.343 3.3939       15088
   84.027 3.4089       15148
   83.973 3.8859       13224
    83.81 1.5129       12883
   83.222 4.2629       18091
    83.16 3.9779       16156
    83.22 3.8409       15986
   83.239 3.8169       20386
    83.28 3.7139       14523
   83.311 3.6959       14300
   83.266 3.2449       19313
   83.094 4.2509       19376
   83.149 4.1189       17373
   82.998 4.0959       13966
   83.051 4.0839       14361
   83.136 3.5279       16432
   83.009 3.4079       27840
    83.11 3.3979       23079
   82.979 3.3479       56017
   82.676 3.4869       22850
   82.772 3.3829       17621
     82.1 3.7119       15917
   82.147 2.2749       14358
   81.877 4.2559       14939
   81.918 3.4869       26975
   81.894 3.4709       31985
   82.062 3.3969       21103
   81.628 4.2439       16908
   81.644 3.8189       19093
   81.424 3.8419       12915
   81.132 3.7669       14329
   81.085 3.6939       17668
   81.026 3.3969       22969
   80.759 3.7279       15709
   80.859 3.5029       37194
   80.702 3.4629       39436
   80.781 3.2429       25353
   80.696 4.1179       12942
   80.673 3.5269       13782
   80.636 3.4729       39945
   80.628 3.4099       29427
    80.52 3.3809       15112
   80.273 3.4359       43590
   80.306 3.3519       13288
   80.008 3.8429       16916
   80.127 3.7099       17813
   79.994 3.6959       14966
   79.934 3.3959       34435
   79.994 3.2419       32549
   79.802 3.5019       52107
   79.442 3.4869       79942
   79.427 3.4739      100149
   79.401 3.3689       31110
    79.26 3.2699       13244
   78.833 3.8219       20492
   78.886 3.6949       28729
   78.616 3.9039       20468
   78.614 3.8909       32654
   78.645 3.8509       21422
   78.608 3.7289       60232
   78.612 3.7109       66990
   78.607 3.6469       24395
    78.72 3.5979       23597
   78.664 3.5839       30597
   78.703 3.5609       27504
   78.633 3.5399       38948
   78.595 3.5269       49375
   78.622 3.4619     1073337
   78.591 3.4069      267250
   78.703 3.0949       17740
   78.632 3.0629       14063
   78.578 3.0439       13855
     78.5 3.4889      983229
   78.455 3.2449      148079
   77.962 4.1119       13342
   77.851 3.6959       33603
   77.743 3.4229       28822
    77.59 3.7169       26455
       77 3.6619       12824
   76.949 3.4869       64259
   76.988 3.3209       28574
   77.052 3.3049       32699
   76.958 3.2909       44185
   76.971 3.2769       77694
   76.943 3.2429     1198338
   76.961 3.0639       28639
   76.986 2.8089       12975
   76.772 4.1639       14653
   76.818 4.1369       16291
   76.716 3.7479       15388
   76.652 3.7169       56603
   76.794 3.6959       54332
   76.839 3.6719       14459
   76.652 3.6359       13641
   76.827 3.5359       22051
    76.86 3.4219       60047
   76.836 3.3949       44984
   76.205 3.9979       18693
   75.915 3.8879       19656
    75.83 3.3959       52077
   75.836 3.2099       20314
   75.592 3.9739       19610
    75.55 3.9359       17290
   75.531 3.7469       37063
   75.506 3.7089      722854
   75.545 3.6729       32555
   75.396 3.7609       39866
   75.308 3.6289       22760
   75.414 3.5369      146866
   75.429 3.4119       52151
   75.018 4.0619       31819
   75.033 4.0189       29152
    74.97 3.8579       27140
   75.083 3.8179       73899
   75.073 3.6479       30192
   74.985 3.6149       27478
   75.033 1.0819       14995
   74.848 4.1189       13916
   74.813 3.8869       32072
   74.879 3.7849       37116
   74.752 3.3949       97108
   74.462 3.7419       21423
   74.568 3.6349       28857
   74.561 3.5769       31211
   74.484 3.5639       37617
   74.185 4.2549       18571
   74.261 3.9699       22910
   74.276 3.9469       16246
   74.273 3.7719       33379
   74.219 3.7529       37644
   74.304 3.7109       74911
   74.362 3.6219       30216
    74.23 3.5379      800355
   74.267 3.4419       22896
     74.2 3.0999       19854
   73.881 4.0039       13375
   74.116 3.9069       49140
   74.084 3.8219      702878
   74.071 3.4089       69053
   73.891 3.3879       44208
   73.351 4.1169       23370
   73.376 3.9299       31459
   73.179 4.1439       12923
   73.165 3.4049       94258
   73.028 4.1779       15563
   72.917 3.9719       14874
   72.584 3.9079      155979
   72.573 3.6729       18249
   72.589 3.3679       59717
   72.587 3.3219       16016
   72.285 4.2199       17186
   72.335 4.1179       65808
   72.356 3.8869       36047
    72.33 3.8669       28346
   72.382 3.8259       41711
   72.271 3.7539       34648
   72.398 3.7149       39328
   72.379 3.7029       51694
   72.375 3.6499       27141
   72.479 3.6189       16468
   72.271 3.5869       54165
   72.346 3.4909      127328
    72.34 3.4619      242028
   72.351 3.4039     1569741
   72.478 3.3499       62758
   72.428 3.0569       13269
   71.962 4.1439       16554
   71.966 4.0749       20340
   72.144 3.9359       43163
   71.754 4.1709       15288
   71.904 4.0409       41797
   71.877 3.9959       75777
   71.814 3.9789       71643
   71.563 4.1549       16477
   71.481 3.2699       19306
    71.19 4.2059       19818
   71.324 4.1839       13558
   71.245 4.1119      710055
   71.231 1.3249       78734
   70.703 3.8769       83876
   70.809 3.3789      211764
    70.38 3.7879       31279
   70.461 0.5899       13998
   70.228 4.2749       13847
    70.04 3.3959       73986
   69.995 4.1479       41358
   69.853 3.6539       14160
   69.771 2.2599       14733
   69.258 3.8729       12884
   69.291 3.7269       14975
   69.354 3.5459       42542
   69.371 3.5359       53210
   69.378 3.4389       49203
   69.259 2.9399       14734
   68.776 3.8939       37482
   68.865 2.5229       13369
     68.6 3.6459       42083
   68.311 3.8849       17589
   68.025 4.1779       16010
   68.087 4.0739       26567
   67.909 3.7679       13344
   67.888 2.2689       16785
   67.487 3.8979       13280
   67.543 3.7109       14183
   67.521 2.2719       15626
    66.88 3.7689       13027
   66.822 3.7229       22296
   66.822 3.5869       13565
   66.585 3.8319       12810
   66.649 3.5609       24719
   66.257 3.6929       26945
   66.114 4.0239       18460
   66.041 4.0079       27472
   66.179 3.9839       17489
   66.038 3.8849       32586
   65.951 3.8529       13591
   65.965 3.7769       18233
   65.803 3.8989       23935
   65.821 3.7249       28745
   65.752 3.6219       15500
   65.393 3.8329       38868
   65.469 3.5879       35246
   65.395 3.5509       24319
   65.301 3.7599       22543
   65.296 3.7299       27756
   65.243 3.7169       36201
   65.334 3.6559       44303
   65.254 3.6449       44008
   65.315 3.5609       28132
   64.716 3.8999       57199
   64.736 3.7679       47117
   64.789 3.7239       61537
   64.443 3.8849       69133
   64.499 3.8329       33036
   64.423 3.7549       25595
   63.968 4.1179       59822
    63.82 3.4199       41529
   63.499 4.0819       21221
   63.554 3.9759       35595
   63.535 3.9509       15484
   63.652 3.8649       96593
   63.612 3.7989       46859
   63.477 3.7169      762612
   63.584 3.6889      110374
   63.604 3.6759       88590
   63.592 3.6209       30328
   63.476 3.5859       22773
   63.621 3.5169       21499
   63.477 3.4599       57677
   63.344 4.2679       15769
   63.432 4.1459       17280
   63.452 3.9219       38007
   63.421 3.8979      816134
   63.464 3.8859     1008682
   63.318 3.8289      688702
     63.3 3.7639      492658
   63.387 3.5419      134339
   62.453 3.6109       19443
    62.15 4.2759       30025
   62.167 3.7239       29433
   61.944 3.7689       43474
   61.129 2.2529       18299
   60.967 4.1759       30635
   60.945 3.7689       15778
   60.353 0.1249       13556
   59.706 3.6959       22432
   59.102 4.0479       42700
   59.099 3.9289       29382
   59.251 3.8579       19977
   59.236 3.8259       15729
   58.109 3.9729       27843
   57.943 3.8439       27709
   57.982 3.2099       16232
   57.565 3.6599       85554
    57.61 2.2609       15944
   57.356 3.6149      208005
   57.024 3.2569       13821
   57.153 2.9059       17025
   57.086 1.7249       12879
   56.716 3.2159      221285
   56.575 3.9239       45063
   56.595 3.2049      231449
   56.309 3.6829       32455
   56.038 3.2559       89063
   55.342 3.2119       17994
   55.531 2.7939       14070
   55.183 3.8049       14208
   55.183 2.5079       13122
   54.847 3.2909       19952
   54.773 2.5279       16483
   54.645 3.7469       13780
   54.075 2.5119       15137
   53.423 3.7459      111155
   53.465 1.4519       19150
   53.173 2.6719       16808
   52.903 4.1779       18491
   52.949 4.0169       12811
   52.848 2.5259       26394
   52.458 4.1659       14823
   52.442-1.8541       13194
   52.072 2.6549       25954
   51.685 3.3509      263727
   51.583 2.5099       28314
   51.282 2.6749       21341
   51.163 2.5259       31810
     50.8 2.6089       16547
   50.157 2.6749       35060
   48.817 3.4079       22796
   48.826 3.3249       23452
   48.443 2.9839       17415
    48.52 2.7509       13759
    48.29 3.5439       12895
   48.364 3.0939       27922
   48.241 2.9969       15090
   48.293 2.9379       14102
   48.369 2.8749       13301
   48.309 2.8539       25337
   48.228 2.8319       49502
   48.335 2.7799       18633
    48.37 2.7679       17760
   48.418 2.7359       16873
   48.314 2.7059       59876
   48.208 2.6739     1371804
   48.203 2.6549     1935796
   48.358 2.6359       77872
   48.402 2.6189       28590
   48.241 2.5259     1838699
   48.243 2.5089     1691143
   48.316 2.4739       82542
   48.357 2.4099       20580
   48.292 2.3279       44657
   45.939 4.2619       13306
   45.877 2.2519       13179
   45.549 2.4279       18887
   44.565 3.5189      100712
   43.327 3.2269       23148
   43.004 1.6999       26889
   42.879 1.6489       13821
   42.017 3.0139       73988
   39.874 2.1879      175682
    39.61 3.0279       25207
   38.686 1.9489       13600
   38.817 1.9349       17281
   37.906 4.2519       20692
   37.937 4.1929       14424
   37.902 4.1729       14076
   37.984 4.1129       13682
   36.358 2.4369       82907
   36.261 2.3169       21435
   36.231 2.2669       18887
   34.683 4.2359       16432
   34.612 4.0889       14024
   34.489 2.3129       28575
   34.587 1.2089       15749
    34.58 0.1339       13596
   34.477 2.3239       26611
   34.074 1.2469       20465
   33.804 2.4009       98756
   33.386 1.8739       13138
   33.349 1.8419       20519
   33.297 1.3009       13536
   32.918 3.0339       25762
   32.497 4.2299       13413
   32.312 2.3919       30868
   32.505 2.2589       15980
   32.398 1.2179       52200
   32.079 2.2229       29312
    32.24 1.2889       14448
   31.801 2.3329       14652
   32.009 1.3139       19073
   31.745 2.0409       13392
   31.452 1.8399       21074
   31.328 1.5569       14414
   30.739 4.0769       13512
   30.671 4.0529       16244
   30.798 2.2659       17716
    30.58 3.5439       15654
   30.466 3.0339       12805
   30.385 2.0679       38447
   30.283 4.2009       14858
   30.363 2.0239       37844
   30.009 4.2379       13187
   29.955 2.2529       18182
   29.709 2.2089       13987
   29.691 1.9879       15895
   29.696 1.9739       16110
     29.4 2.2529       18317
   29.445 1.7279       12811
   29.192 1.7039       21451
   28.467 1.5399       47208
   28.312 4.1709       13024
   28.256 2.3399       14803
   28.308 2.3259       15159
       28 2.7519       16851
   28.069 2.2569       44112
   27.837 2.3549       15863
   27.864 1.5729       48076
   27.474-1.8671       13652
   27.232 2.3409       23014
   26.874 2.2579      103336
   26.885 1.6959       23516
   26.836 1.6189       45820
    26.75 4.2519       14411
   26.727 2.7069       20912
   26.602 2.0089       15047
    26.41 2.3709       16699
   26.433 2.3249       18537
   26.365 2.3119       19663
   26.512 2.2559       78384
   26.461 2.2059       15941
   26.302 1.9849       20924
   26.533 1.9389       13429
   26.227 4.0949       12909
   26.242 3.4539       12809
   26.192 2.6839       14153
   26.215 2.3409       25803
   26.243 2.1719       13419
    25.92 4.0839       14151
   25.892 3.1389       12937
   25.911 2.6189       13187
   25.899 2.2549      137366
   25.809 1.9119       26887
   25.708 2.7059       26792
   25.642 2.4449       14731
   25.628 2.3559       18869
   25.481 2.1309       18037
   25.292 2.5709       23857
   25.325 2.5289       21925
   25.385 2.5069       15218
   25.232 2.2019       53081
   25.316 2.1459       15567
   25.349 1.2389       13650
   24.988 3.1249       21094
    24.92 2.6899       94441
   25.037 2.6589       43340
   25.083 2.4069       38605
   24.927 2.3919       58567
    25.15 2.3799       24345
   25.004 2.3379      165959
   25.013 2.3189       99026
   24.916 2.3039      165938
   24.945 2.2909      152550
   24.993 2.2749      276624
   24.991 2.2309      226983
   25.012 2.1129       52575
   24.953 1.8749       32948
   24.953 1.8609       25852
   25.009 0.4609       14364
   24.726 4.0469       19773
   24.857 3.5929       25158
   24.893 3.1429       70146
   24.881 2.7959       39821
   24.906 2.6179      117303
   24.883 2.4299      192476
   24.855 2.2539    13746906
   24.856 2.1649      197482
   24.846 2.0789      162863
   24.899 1.8919      105925
   24.837 1.8169       88609
   24.776 1.7129       31335
   24.846 1.3869       19941
   24.864 1.3669       76561
    24.72 0.9509       61926
   24.851 0.9139       25237
   24.453 4.1439       15480
   24.422 1.1959       13454
   24.204 1.8029       74011
   24.334 1.4269       14717
   23.984 2.7069       21934
   23.889 2.2559       62810
   23.752 1.3229       14178
   23.545 0.9769       20273
   23.598 0.9379       54303
   23.296 2.2579       23143
   23.277 1.8039      167254
   23.144 3.8689       14052
   23.239 1.8309      171222
   23.231 0.9019      130402
   23.058 0.8479      183735
   22.856 4.2199       14081
    22.79 4.1129       28144
   22.881 3.6209       13703
   22.858 2.2599       36918
   22.838 1.6749       15444
   22.786 1.5059       14250
    22.77 1.4119       17359
    22.78 1.3809       13485
   22.801 1.3219     1044295
   22.374 3.8329       15941
   22.079 3.6599       13035
   21.991 1.2789       61923
   21.947 1.1899       19448
   21.634 2.2599       35573
   21.504 0.9179       14063
   20.694 1.1889       28198
   20.704 1.1329      127007
   20.725 1.0179       95119
   19.247 1.5109       13234
   19.294 1.4769       13066
   19.257 1.4509      133376
   19.285 0.9639       96470
   18.544 4.1269       14357
   17.611-1.7441       16197
   17.409 3.4539       13420
   17.428 0.9879       30032
   16.409 2.6709       39974
   16.408 0.8329       27174
   15.936 4.0849       15176
   14.582 4.1589       18492
   14.542 4.0879       14425
   14.538 3.8839       14418
   14.409 4.2819       22239
   14.322 4.0109       17206
   14.392 3.1039       12870
   12.131 4.0819       16935
   12.096 3.8989       13255
   12.308 0.5989       16635
   11.919 4.2839       15919
   12.003 4.2649       14879
   12.055 4.2439       14367
   12.002 4.1839       14327
   11.966 4.0279       13614
   11.959 3.7749       14280
    8.579 4.0979       13170
    7.319 4.2709       15318
     6.47 0.1239       13049
    6.128 2.4309       13237
    6.111 2.2619       25159
     5.41 4.2599       15115
    5.264 4.2089       13006
    5.302 4.0809       18725
    5.315 2.2659       41004
    4.879 2.2589       71894
  131.876 5.7299       14369
  129.205 5.6579       16852
  128.907 7.1419       13211
  129.076 5.6359       12969
  125.989 6.5489       15323
  125.975 5.8179       13155
  125.355 7.1409       32876
  124.512 7.1409      297258
  124.571 6.8739       14923
  123.907 8.9569       14244
  122.018 6.0629       13137
  121.825 6.7179       12845
  121.757 5.7309       14277
  121.788 5.6009       12914
   119.06 8.3229       13233
  118.845 6.8509       21732
  118.511 6.0869       13093
  115.224 7.8979       12812
  104.998 6.1589       13124
  102.433 8.9579       16553
  100.685 9.4209       14843
    98.49 7.3109       14855
   96.079 5.6729       16000
