0.837 16.48 90058.18 90058.18
0.863 23.23 678321.25 678321.25
0.866 22.21 40497.48 40497.48
0.919 23.36 653380.25 653380.25
0.919 22.34 36202.38 36202.38
0.942 24.50 85979.58 85979.58
0.942 13.94 64754.01 64754.01
0.958 23.74 248194.94 248194.94
0.971 24.76 293248.88 293248.88
0.991 23.61 85055.44 85055.44
0.994 19.41 421520.81 421520.81
1.011 17.50 98142.76 98142.76
1.037 25.01 218869.55 218869.55
1.047 20.81 401805.66 401805.66
1.149 20.81 496828.56 496828.56
1.201 32.53 39986.48 39986.48
1.204 20.81 123032.52 123032.52
1.211 34.56 49335.46 49335.46
1.218 18.01 52493.74 52493.74
1.221 32.40 137741.74 137741.74
1.244 25.40 37530.72 37530.72
1.257 32.40 48870.95 48870.95
1.257 25.40 34558.57 34558.57
1.306 32.02 42086.07 42086.07
1.309 22.98 42843.74 42843.74
1.336 21.96 351721.14 351721.14
1.339 22.98 3943804.00 3943804.00
1.339 71.36 383706.44 383706.44
1.339 21.19 125293.05 125293.05
1.339 20.56 76341.82 76341.82
1.339 18.39 52174.45 52174.45
1.339 19.79 48186.92 48186.92
1.339 17.63 42544.03 42544.03
1.339 19.03 39751.30 39751.30
1.342 139.73 41365.00 41365.00
1.451 24.12 60815.59 60815.59
1.487 19.03 759704.63 759704.63
1.487 53.41 83948.52 83948.52
1.487 18.01 50498.32 50498.32
1.513 24.25 64540.78 64540.78
1.552 28.58 237878.38 237878.38
1.582 28.07 243797.98 243797.98
1.589 27.05 52507.87 52507.87
1.631 26.92 213539.31 213539.31
1.694 42.58 99922.15 99922.15
1.720 26.80 66775.75 66775.75
1.733 29.21 164482.58 164482.58
1.740 42.58 95726.34 95726.34
1.749 42.71 52684.45 52684.45
1.818 23.36 820056.31 820056.31
1.818 22.34 51815.66 51815.66
1.845 23.36 898007.25 898007.25
1.845 22.34 53047.38 53047.38
1.894 32.78 76244.36 76244.36
1.907 30.49 35437.60 35437.60
1.910 32.78 114734.99 114734.99
1.923 32.78 72289.96 72289.96
1.927 26.03 171630.61 171630.61
1.927 30.49 62912.81 62912.81
1.946 30.36 66757.34 66757.34
1.979 29.85 38756.89 38756.89
1.986 38.64 77240.26 77240.26
1.999 26.54 54435.92 54435.92
2.002 29.85 42406.94 42406.94
2.015 26.54 52058.77 52058.77
2.071 31.76 60459.00 60459.00
2.081 48.31 84816.47 84816.47
2.124 29.21 191464.65 191464.65
2.143 25.65 37702.15 37702.15
2.147 29.21 237648.30 237648.30
2.173 25.65 42750.67 42750.67
2.189 25.65 41168.18 41168.18
2.202 40.04 815161.63 815161.63
2.206 25.65 66286.25 66286.25
2.206 38.89 41714.32 41714.32
2.225 25.65 94709.70 94709.70
2.239 26.54 35672.40 35672.40
2.242 25.78 106337.70 106337.70
2.255 27.94 78144.09 78144.09
2.255 28.58 46510.43 46510.43
2.255 30.74 43523.64 43523.64
2.255 29.34 43220.86 43220.86
2.255 139.73 36914.59 36914.59
2.258 25.78 1063871.75 1063871.75
2.258 26.54 162521.51 162521.51
2.258 27.18 137489.12 137489.12
2.258 31.89 86779.92 86779.92
2.258 114.27 59429.58 59429.58
2.258 35.84 45966.71 45966.71
2.258 32.91 39992.08 39992.08
2.258 40.16 39793.22 39793.22
2.258 36.60 38702.01 38702.01
2.258 34.43 35776.62 35776.62
2.258 38.13 34508.41 34508.41
2.262 39.15 45991.93 45991.93
2.262 51.24 45065.63 45065.63
2.262 52.13 41896.67 41896.67
2.262 109.05 34756.01 34756.01
2.265 4.39 43499.56 43499.56
2.265 108.03 35085.24 35085.24
2.268 8.21 85130.87 85130.87
2.268 57.48 76246.83 76246.83
2.268 109.30 68632.19 68632.19
2.268 7.32 66172.60 66172.60
2.268 55.19 62883.45 62883.45
2.268 51.50 51939.50 51939.50
2.268 52.39 50701.51 50701.51
2.268 113.88 48553.50 48553.50
2.268 5.15 45730.46 45730.46
2.268 122.54 45192.47 45192.47
2.268 63.97 42016.55 42016.55
2.268 86.38 37580.09 37580.09
2.268 138.58 36150.80 36150.80
2.271 25.01 66894388.00 66894388.00
2.271 23.99 3642605.43 3642605.43
2.271 15.34 292994.78 292994.78
2.271 139.86 217507.25 217507.25
2.271 13.17 171295.75 171295.75
2.271 11.01 156706.41 156706.41
2.271 8.72 140561.34 140561.34
2.271 11.77 134566.87 134566.87
2.271 10.24 100878.31 100878.31
2.271 79.89 79357.74 79357.74
2.271 120.00 67003.08 67003.08
2.271 53.15 63332.87 63332.87
2.271 68.30 62811.18 62811.18
2.271 125.47 55693.64 55693.64
2.271 59.01 53995.10 53995.10
2.271 55.95 49332.02 49332.02
2.275 23.36 1824530.06 1824530.06
2.275 22.59 1043709.86 1043709.86
2.275 21.83 725176.26 725176.26
2.275 21.19 635861.72 635861.72
2.275 20.43 445772.52 445772.52
2.275 19.67 368414.74 368414.74
2.275 19.03 324818.95 324818.95
2.275 18.27 277912.23 277912.23
2.275 16.10 277181.26 277181.26
2.275 13.94 271186.80 271186.80
2.275 17.50 233391.57 233391.57
2.275 16.86 206655.63 206655.63
2.275 14.57 203796.36 203796.36
2.275 12.41 155856.09 155856.09
2.275 9.48 117532.14 117532.14
2.275 86.64 88775.06 88775.06
2.275 126.11 84678.80 84678.80
2.275 58.12 78184.86 78184.86
2.275 124.07 70970.01 70970.01
2.275 90.97 60732.21 60732.21
2.275 80.78 58240.71 58240.71
2.275 65.50 55896.26 55896.26
2.275 127.63 51585.73 51585.73
2.275 74.29 47128.79 47128.79
2.275 123.18 47013.78 47013.78
2.275 82.18 44027.47 44027.47
2.275 84.47 42089.31 42089.31
2.275 90.33 39624.84 39624.84
2.275 131.20 37958.48 37958.48
2.275 71.49 36981.55 36981.55
2.278 118.85 63875.98 63875.98
2.278 59.64 61658.17 61658.17
2.278 129.03 52443.43 52443.43
2.278 126.87 51411.39 51411.39
2.278 53.66 47042.74 47042.74
2.278 70.59 38924.73 38924.73
2.278 64.48 37707.54 37707.54
2.281 119.49 85345.91 85345.91
2.281 124.71 84214.19 84214.19
2.281 115.92 57653.58 57653.58
2.281 82.56 56543.80 56543.80
2.281 128.02 42660.12 42660.12
2.284 0.44 165813.53 165813.53
2.284 115.28 106567.27 106567.27
2.284 131.71 72124.97 72124.97
2.284 116.56 55167.53 55167.53
2.284 129.29 34546.45 34546.45
2.288 31.89 183108.31 183108.31
2.288 26.92 47941.55 47941.55
2.288 82.82 43104.58 43104.58
2.288 30.49 40614.51 40614.51
2.291 26.29 60529.92 60529.92
2.301 26.16 75288.59 75288.59
2.301 26.92 42982.58 42982.58
2.301 115.16 37088.95 37088.95
2.307 25.14 566512.67 566512.67
2.321 25.01 570706.91 570706.91
2.337 25.01 223232.72 223232.72
2.337 139.60 53541.17 53541.17
2.350 25.01 211520.84 211520.84
2.353 36.22 73257.62 73257.62
2.360 31.76 88639.11 88639.11
2.363 25.14 286206.44 286206.44
2.363 48.44 38740.76 38740.76
2.380 25.01 253646.40 253646.40
2.393 25.14 216615.74 216615.74
2.393 48.44 37805.59 37805.59
2.409 25.14 205393.32 205393.32
2.409 32.40 116879.53 116879.53
2.416 48.44 44453.31 44453.31
2.422 25.14 155368.34 155368.34
2.439 25.01 161261.61 161261.61
2.445 45.77 102503.96 102503.96
2.449 36.47 374036.09 374036.09
2.452 25.14 132848.74 132848.74
2.458 48.44 66651.43 66651.43
2.462 33.67 474439.51 474439.51
2.465 25.14 137874.86 137874.86
2.475 48.31 71780.44 71780.44
2.481 25.14 134879.56 134879.56
2.495 25.14 117663.06 117663.06
2.511 25.14 122009.21 122009.21
2.521 48.31 7320724.18 7320724.18
2.521 47.29 368047.81 368047.81
2.521 46.53 147536.88 147536.88
2.521 45.89 90057.18 90057.18
2.521 44.37 54981.19 54981.19
2.521 78.11 46079.99 46079.99
2.524 25.14 87079.74 87079.74
2.524 45.13 68044.17 68044.17
2.524 42.97 46396.65 46396.65
2.524 43.73 44529.46 44529.46
2.541 48.31 9089319.66 9089319.66
2.541 47.29 450149.03 450149.03
2.541 25.01 90357.14 90357.14
2.541 78.23 47229.44 47229.44
2.541 139.48 44123.40 44123.40
2.544 46.53 168567.91 168567.91
2.544 45.89 102255.57 102255.57
2.544 45.13 84558.88 84558.88
2.544 44.37 66874.22 66874.22
2.544 42.20 43296.38 43296.38
2.544 43.73 38947.68 38947.68
2.544 41.57 35815.67 35815.67
2.554 25.14 100014.42 100014.42
2.570 25.14 100407.69 100407.69
2.583 25.14 91926.28 91926.28
2.600 25.14 75456.04 75456.04
2.613 25.14 92191.80 92191.80
2.623 50.99 68748.12 68748.12
2.629 25.14 66221.91 66221.91
2.629 48.44 35230.44 35230.44
2.642 25.14 84606.55 84606.55
2.649 77.09 49879.42 49879.42
2.652 31.51 44264.01 44264.01
2.655 25.14 64093.72 64093.72
2.672 25.14 58937.98 58937.98
2.675 48.31 8769652.13 8769652.13
2.675 47.29 430827.04 430827.04
2.675 46.53 174555.60 174555.60
2.675 45.89 113229.88 113229.88
2.675 139.60 37390.96 37390.96
2.675 40.80 35137.43 35137.43
2.678 44.37 83540.38 83540.38
2.678 45.13 82567.40 82567.40
2.678 43.73 69413.77 69413.77
2.678 42.97 56753.21 56753.21
2.678 41.44 47839.00 47839.00
2.678 40.04 45087.75 45087.75
2.678 39.27 36848.48 36848.48
2.682 91.48 51210.46 51210.46
2.685 25.14 58600.46 58600.46
2.688 16.48 178282.39 178282.39
2.695 48.31 7337864.19 7337864.19
2.695 47.29 361602.34 361602.34
2.698 46.53 153716.05 153716.05
2.698 45.89 81248.21 81248.21
2.698 45.13 78134.28 78134.28
2.698 44.37 51034.15 51034.15
2.698 42.97 42586.83 42586.83
2.698 43.73 39432.33 39432.33
2.701 25.01 54215.43 54215.43
2.715 25.14 55841.48 55841.48
2.731 25.01 64019.32 64019.32
2.734 28.20 36886.55 36886.55
2.744 25.01 59299.18 59299.18
2.761 25.01 55201.40 55201.40
2.774 25.14 61406.03 61406.03
2.790 25.14 53395.45 53395.45
2.803 25.01 59840.01 59840.01
2.816 25.14 49246.14 49246.14
2.833 25.01 52408.61 52408.61
2.846 25.14 46768.64 46768.64
2.862 25.01 83442.29 83442.29
2.879 25.01 159294.00 159294.00
2.908 78.62 58260.65 58260.65
2.925 57.10 47245.48 47245.48
2.934 37.87 55123.99 55123.99
2.957 37.87 45130.14 45130.14
3.040 42.07 336161.79 336161.79
3.040 39.91 75751.02 75751.02
3.046 38.51 52670.15 52670.15
3.049 33.03 139191.92 139191.92
3.049 39.53 55504.02 55504.02
3.053 25.14 44038.57 44038.57
3.066 38.38 52731.60 52731.60
3.069 41.82 153363.92 153363.92
3.112 48.70 116969.24 116969.24
3.122 75.69 40367.38 40367.38
3.138 39.27 63092.59 63092.59
3.171 47.42 101122.53 101122.53
3.187 38.38 96379.42 96379.42
3.207 56.72 1009955.47 1009955.47
3.207 38.38 46409.37 46409.37
3.210 55.70 41109.97 41109.97
3.223 31.00 57477.67 57477.67
3.227 77.09 75772.42 75772.42
3.233 56.84 1132724.26 1132724.26
3.233 55.83 37865.60 37865.60
3.253 43.35 148086.39 148086.39
3.253 39.40 35327.64 35327.64
3.256 56.84 76768.23 76768.23
3.259 77.09 6875560.50 6875560.50
3.263 78.74 652346.74 652346.74
3.263 75.94 180863.30 180863.30
3.263 98.73 103920.84 103920.84
3.263 75.31 69124.62 69124.62
3.266 74.54 45252.34 45252.34
3.266 71.61 39832.66 39832.66
3.266 73.90 36119.36 36119.36
3.269 50.60 96315.59 96315.59
3.273 56.21 579703.75 579703.75
3.276 77.09 832307.25 832307.25
3.276 39.27 60015.66 60015.66
3.276 55.06 39359.03 39359.03
3.276 78.11 34717.42 34717.42
3.282 139.60 43226.22 43226.22
3.286 71.61 127255.01 127255.01
3.286 48.31 70143.94 70143.94
3.296 77.22 60432.79 60432.79
3.296 39.27 46885.28 46885.28
3.299 63.59 71771.80 71771.80
3.299 55.83 36078.47 36078.47
3.305 54.93 132278.75 132278.75
3.309 77.22 44811.49 44811.49
3.328 139.60 41357.12 41357.12
3.351 49.08 153429.22 153429.22
3.365 83.07 351559.13 351559.13
3.368 51.88 1054908.63 1054908.63
3.368 72.63 358109.63 358109.63
3.368 80.40 49432.08 49432.08
3.381 72.50 100066.21 100066.21
3.394 70.85 1295217.00 1295217.00
3.397 72.50 97759.73 97759.73
3.411 70.34 653051.94 653051.94
3.411 82.82 58629.34 58629.34
3.414 71.36 109793.84 109793.84
3.420 98.86 45358.62 45358.62
3.424 72.50 7847897.17 7847897.17
3.424 78.62 1501417.00 1501417.00
3.424 38.38 89244.19 89244.19
3.427 74.29 216005.80 216005.80
3.427 71.36 183445.40 183445.40
3.427 49.08 157083.71 157083.71
3.433 75.69 146836.22 146836.22
3.433 70.72 85793.94 85793.94
3.433 69.96 45113.50 45113.50
3.433 68.56 35944.87 35944.87
3.437 69.45 53445.16 53445.16
3.440 121.01 35826.24 35826.24
3.453 69.45 266151.56 266151.56
3.456 80.40 212751.95 212751.95
3.456 139.60 40049.50 40049.50
3.463 69.45 115697.71 115697.71
3.473 79.76 114424.14 114424.14
3.476 78.74 4427437.36 4427437.36
3.476 63.59 146156.44 146156.44
3.479 72.38 1104131.50 1104131.50
3.479 80.53 46877.24 46877.24
3.489 79.76 89974.30 89974.30
3.493 78.74 3134520.33 3134520.33
3.493 63.59 56736.04 56736.04
3.496 80.40 37176.16 37176.16
3.509 78.62 5338958.00 5338958.00
3.509 76.96 591278.94 591278.94
3.509 25.01 266420.13 266420.13
3.509 77.47 99857.03 99857.03
3.512 72.38 509695.67 509695.67
3.516 80.40 51750.09 51750.09
3.516 76.07 46710.81 46710.81
3.519 74.54 54855.52 54855.52
3.519 139.60 39950.59 39950.59
3.529 78.62 238677.04 238677.04
3.542 74.29 1118155.43 1118155.43
3.545 78.62 63945.45 63945.45
3.545 73.27 51138.95 51138.95
3.552 69.58 232630.95 232630.95
3.552 72.50 43726.78 43726.78
3.555 74.29 4296548.50 4296548.50
3.558 75.56 684223.06 684223.06
3.562 73.27 106459.22 106459.22
3.562 65.37 53031.23 53031.23
3.565 74.29 2023399.30 2023399.30
3.565 66.77 62784.42 62784.42
3.565 72.50 62755.34 62755.34
3.568 69.45 219140.98 219140.98
3.575 44.49 592827.19 592827.19
3.575 65.50 143607.44 143607.44
3.575 75.05 37016.00 37016.00
3.581 66.77 79572.42 79572.42
3.585 74.80 72051.36 72051.36
3.598 63.34 494719.67 494719.67
3.604 72.25 200775.99 200775.99
3.604 65.50 100663.28 100663.28
3.607 74.92 51855.19 51855.19
3.617 75.18 51371.58 51371.58
3.624 63.34 824885.63 824885.63
3.624 65.63 36206.43 36206.43
3.630 75.18 85796.60 85796.60
3.644 139.60 35786.62 35786.62
3.647 120.76 34978.87 34978.87
3.650 75.18 74655.14 74655.14
3.653 68.68 120492.19 120492.19
3.653 65.50 64135.29 64135.29
3.653 122.41 36830.76 36830.76
3.660 74.67 71584.57 71584.57
3.660 63.72 54032.03 54032.03
3.660 75.69 39439.42 39439.42
3.660 64.48 38518.52 38518.52
3.663 75.05 114748.64 114748.64
3.670 65.50 192225.27 192225.27
3.673 75.69 46203.89 46203.89
3.673 64.36 38113.50 38113.50
3.676 69.70 56923.37 56923.37
3.683 62.45 248423.75 248423.75
3.683 68.68 58854.48 58854.48
3.686 139.60 38111.24 38111.24
3.690 63.72 167835.09 167835.09
3.690 75.69 128762.10 128762.10
3.696 65.63 79271.68 79271.68
3.699 74.80 36007.73 36007.73
3.703 63.72 250606.45 250606.45
3.709 66.01 93072.59 93072.59
3.713 75.69 1248474.34 1248474.34
3.713 73.27 38753.33 38753.33
3.719 72.50 281843.08 281843.08
3.719 66.77 59242.01 59242.01
3.726 75.56 3571065.42 3571065.42
3.726 63.59 1913898.19 1913898.19
3.726 74.41 425896.64 425896.64
3.726 66.14 100810.69 100810.69
3.726 139.60 36975.36 36975.36
3.729 78.74 164610.47 164610.47
3.729 62.57 117520.24 117520.24
3.729 58.88 59705.03 59705.03
3.729 61.81 42106.16 42106.16
3.736 72.50 183579.36 183579.36
3.736 66.77 73770.00 73770.00
3.742 75.56 611039.66 611039.66
3.745 63.59 3457222.15 3457222.15
3.745 56.33 312140.88 312140.88
3.745 62.57 113115.96 113115.96
3.749 78.74 219112.95 219112.95
3.749 61.81 39688.17 39688.17
3.765 75.56 61017.76 61017.76
3.768 63.46 657253.86 657253.86
3.772 74.16 95056.92 95056.92
3.772 62.45 36104.14 36104.14
3.775 57.23 1564224.13 1564224.13
3.775 72.50 73920.44 73920.44
3.778 75.43 87632.07 87632.07
3.781 63.46 2524140.50 2524140.50
3.781 56.08 60845.46 60845.46
3.781 139.60 44493.21 44493.21
3.785 62.45 81521.63 81521.63
3.785 72.50 53315.20 53315.20
3.788 74.16 273200.39 273200.39
3.791 75.31 70959.15 70959.15
3.798 53.41 659492.94 659492.94
3.798 70.34 74674.88 74674.88
3.801 74.92 161464.76 161464.76
3.804 139.60 35525.30 35525.30
3.808 72.25 41565.82 41565.82
3.814 70.47 114950.77 114950.77
3.814 75.05 80431.80 80431.80
3.821 63.46 100441.21 100441.21
3.821 139.60 38429.95 38429.95
3.831 73.14 92143.06 92143.06
3.831 65.25 91972.64 91972.64
3.837 74.16 3907784.75 3907784.75
3.837 75.31 191060.07 191060.07
3.837 139.60 39141.19 39141.19
3.841 72.50 405299.02 405299.02
3.841 83.45 48450.51 48450.51
3.841 49.97 35045.05 35045.05
3.844 63.46 2947631.15 2947631.15
3.844 62.45 111310.38 111310.38
3.847 61.68 41161.98 41161.98
3.850 65.25 95906.14 95906.14
3.850 73.14 71874.37 71874.37
3.854 59.26 269958.06 269958.06
3.860 75.05 53175.19 53175.19
3.860 80.02 44016.17 44016.17
3.864 63.46 1116701.67 1116701.67
3.864 56.84 67680.62 67680.62
3.864 76.96 64846.68 64846.68
3.864 62.45 42342.98 42342.98
3.867 139.60 42831.25 42831.25
3.873 75.05 121346.87 121346.87
3.880 63.72 203284.81 203284.81
3.887 75.05 76701.23 76701.23
3.887 72.38 48812.05 48812.05
3.887 139.48 48135.56 48135.56
3.893 70.85 397806.81 397806.81
3.900 63.59 4350218.78 4350218.78
3.900 62.57 156560.63 156560.63
3.900 61.81 52869.19 52869.19
3.903 72.50 155848.54 155848.54
3.903 83.96 55380.12 55380.12
3.903 120.89 38126.89 38126.89
3.903 61.17 34994.82 34994.82
3.906 70.85 74477.89 74477.89
3.906 74.92 71945.42 71945.42
3.906 139.60 45182.78 45182.78
3.913 68.94 134137.95 134137.95
3.916 63.59 3537619.46 3537619.46
3.916 62.57 130325.66 130325.66
3.916 73.52 59528.98 59528.98
3.919 61.81 54808.51 54808.51
3.923 72.63 717029.25 717029.25
3.929 73.52 100967.34 100967.34
3.939 139.60 48353.59 48353.59
3.942 56.59 204359.23 204359.23
3.942 36.09 41115.56 41115.56
3.946 59.01 261735.67 261735.67
3.949 73.52 177878.98 177878.98
3.952 72.25 179292.32 179292.32
3.952 138.46 42200.16 42200.16
3.959 139.60 49381.78 49381.78
3.959 121.01 35014.96 35014.96
3.962 63.08 70684.44 70684.44
3.965 74.16 76960.36 76960.36
3.975 139.60 54445.41 54445.41
3.978 71.61 88007.28 88007.28
3.985 57.73 195180.77 195180.77
3.988 63.21 84279.36 84279.36
3.992 35.84 34659.97 34659.97
3.995 71.74 139839.37 139839.37
3.995 54.30 104183.66 104183.66
3.995 75.69 60914.29 60914.29
3.998 139.60 52327.61 52327.61
3.998 82.69 35854.30 35854.30
4.001 59.01 178082.50 178082.50
4.001 83.45 34803.81 34803.81
4.015 71.99 385497.50 385497.50
4.015 76.32 82566.81 82566.81
4.021 66.27 95716.40 95716.40
4.021 139.60 68657.20 68657.20
4.034 71.99 57502.33 57502.33
4.038 75.31 86389.52 86389.52
4.041 66.27 64454.11 64454.11
4.041 139.60 50643.30 50643.30
4.041 123.56 41732.02 41732.02
4.044 121.01 36257.67 36257.67
4.044 120.12 35120.03 35120.03
4.051 98.73 110017.42 110017.42
4.057 71.87 156432.32 156432.32
4.057 139.60 42964.39 42964.39
4.064 76.83 38192.85 38192.85
4.064 40.42 37366.65 37366.65
4.064 38.51 35345.27 35345.27
4.064 120.89 34699.59 34699.59
4.067 59.26 263858.56 263858.56
4.067 57.99 166170.80 166170.80
4.070 119.87 45969.57 45969.57
4.070 139.60 44539.69 44539.69
4.077 56.33 131101.58 131101.58
4.077 71.87 44625.03 44625.03
4.080 75.05 120011.98 120011.98
4.090 139.60 72770.28 72770.28
4.090 78.87 58765.15 58765.15
4.090 138.46 37143.11 37143.11
4.090 120.89 36430.56 36430.56
4.093 68.18 101643.05 101643.05
4.113 139.60 54022.14 54022.14
4.113 121.01 41401.45 41401.45
4.113 38.13 40648.07 40648.07
4.120 122.03 35302.83 35302.83
4.123 78.36 79573.01 79573.01
4.123 120.89 42531.80 42531.80
4.126 77.34 66924.46 66924.46
4.129 71.36 3304920.25 3304920.25
4.129 72.38 50452.48 50452.48
4.133 139.60 84856.16 84856.16
4.133 22.98 71544.97 71544.97
4.133 83.20 50162.77 50162.77
4.143 64.10 376395.28 376395.28
4.146 121.01 44185.03 44185.03
4.152 82.69 34908.20 34908.20
4.156 64.10 83166.78 83166.78
4.156 73.14 68890.49 68890.49
4.159 74.41 39709.77 39709.77
4.162 139.60 68382.66 68382.66
4.162 138.71 34774.66 34774.66
4.169 120.76 42003.48 42003.48
4.169 38.25 36690.69 36690.69
4.185 123.56 35904.48 35904.48
4.189 61.17 181884.52 181884.52
4.189 73.14 56962.28 56962.28
4.189 138.84 36821.99 36821.99
4.192 139.60 84559.35 84559.35
4.192 119.87 43559.28 43559.28
4.192 121.01 43264.69 43264.69
4.192 121.90 35341.31 35341.31
4.205 123.69 40833.50 40833.50
4.215 139.60 68155.91 68155.91
4.215 38.00 35683.41 35683.41
4.218 36.09 38264.11 38264.11
4.228 121.01 50714.39 50714.39
4.231 139.60 67287.01 67287.01
4.231 79.12 49163.40 49163.40
4.238 138.58 42668.19 42668.19
4.238 120.76 36543.30 36543.30
4.251 79.63 41204.57 41204.57
4.254 121.01 44279.01 44279.01
4.257 49.97 38756.28 38756.28
4.257 123.81 35706.11 35706.11
4.261 139.60 69866.84 69866.84
4.264 68.94 270215.13 270215.13
4.267 77.60 45758.05 45758.05
4.271 18.14 39416.34 39416.34
4.274 38.25 39632.38 39632.38
4.277 139.60 70044.56 70044.56
4.277 120.89 64362.97 64362.97
4.277 18.39 38682.64 38682.64
4.277 39.40 38015.72 38015.72
4.280 122.80 42671.04 42671.04
4.280 118.21 35393.89 35393.89
4.287 62.19 103667.66 103667.66
4.290 139.60 77173.45 77173.45
4.297 39.53 41315.17 41315.17
4.300 38.00 36259.68 36259.68
4.300 40.42 35213.26 35213.26
4.303 139.60 73523.48 73523.48
4.303 121.90 39908.80 39908.80
4.303 118.34 37587.12 37587.12
4.307 120.89 90992.85 90992.85
4.307 40.55 49171.70 49171.70
4.307 35.96 39337.18 39337.18
4.307 100.39 36916.45 36916.45
4.310 19.03 35568.75 35568.75
4.313 39.02 52561.85 52561.85
4.313 88.93 37769.25 37769.25
4.320 139.60 77871.06 77871.06
4.320 39.27 45098.19 45098.19
4.320 121.90 43838.58 43838.58
4.323 62.32 79680.11 79680.11
4.323 138.71 47111.33 47111.33
4.323 123.18 38929.85 38929.85
4.326 38.25 42357.49 42357.49
4.330 121.78 44198.50 44198.50
4.330 36.09 35028.43 35028.43
4.333 38.51 42606.63 42606.63
4.336 119.87 34733.03 34733.03
4.340 121.01 58236.50 58236.50
4.340 34.94 37317.66 37317.66
4.343 139.60 106218.12 106218.12
4.343 138.71 56975.43 56975.43
4.343 121.90 43157.04 43157.04
4.346 122.67 37791.70 37791.70
4.349 123.56 38633.10 38633.10
4.349 51.37 34612.98 34612.98
4.356 18.27 42843.26 42843.26
4.356 122.67 34690.51 34690.51
4.359 39.27 51424.23 51424.23
4.359 79.12 34675.30 34675.30
4.363 35.84 39885.79 39885.79
4.363 38.38 38058.84 38058.84
4.363 40.55 35678.07 35678.07
4.366 121.01 59337.32 59337.32
4.369 88.29 39758.03 39758.03
4.376 40.42 40389.87 40389.87
4.379 39.40 34667.54 34667.54
4.382 139.60 106670.66 106670.66
4.382 121.90 55492.43 55492.43
4.382 123.43 41923.49 41923.49
4.382 117.32 41419.78 41419.78
4.382 37.87 37922.31 37922.31
4.382 50.10 35315.06 35315.06
4.386 120.89 58502.24 58502.24
4.386 138.84 45548.15 45548.15
4.386 34.82 34877.06 34877.06
4.389 51.37 52484.89 52484.89
4.392 38.64 43944.32 43944.32
4.392 36.09 37544.89 37544.89
4.395 1.71 36222.85 36222.85
4.395 116.56 35647.93 35647.93
4.399 121.01 56541.34 56541.34
4.399 138.71 54885.65 54885.65
4.399 137.57 50480.28 50480.28
4.399 122.54 49112.11 49112.11
4.399 118.09 36173.62 36173.62
4.402 119.74 37274.80 37274.80
4.405 35.96 39691.39 39691.39
4.409 39.40 50571.91 50571.91
4.412 138.84 59846.18 59846.18
4.412 123.56 46192.77 46192.77
4.412 40.55 45423.65 45423.65
4.412 50.10 35834.23 35834.23
4.415 139.60 122291.62 122291.62
4.415 121.01 58838.23 58838.23
4.415 122.67 44354.59 44354.59
4.415 120.38 40675.39 40675.39
4.415 121.90 35032.78 35032.78
4.425 82.94 48512.16 48512.16
4.428 120.89 63539.07 63539.07
4.428 122.80 44904.94 44904.94
4.431 139.60 125953.04 125953.04
4.431 138.84 64764.42 64764.42
4.431 138.33 52284.00 52284.00
4.431 123.43 42237.32 42237.32
4.438 39.27 56272.68 56272.68
4.438 122.54 51120.47 51120.47
4.438 121.90 49864.93 49864.93
4.438 38.38 49047.77 49047.77
4.438 40.42 44472.26 44472.26
4.438 48.70 35515.64 35515.64
4.438 18.01 34554.36 34554.36
4.441 120.89 49082.95 49082.95
4.441 50.10 37287.31 37287.31
4.445 74.29 42736.79 42736.79
4.445 118.21 42424.27 42424.27
4.445 109.05 39373.98 39373.98
4.451 139.60 88724.78 88724.78
4.451 1.46 60297.31 60297.31
4.451 4.39 44104.66 44104.66
4.454 35.84 47036.31 47036.31
4.454 100.39 43015.25 43015.25
4.454 119.36 40331.53 40331.53
4.454 120.25 36364.99 36364.99
4.458 138.71 66837.73 66837.73
4.458 120.89 56597.02 56597.02
4.458 122.80 46966.75 46966.75
4.458 39.40 43594.87 43594.87
4.458 123.56 43409.01 43409.01
4.458 117.45 39570.11 39570.11
4.458 18.01 36367.87 36367.87
4.458 82.94 36202.01 36202.01
4.461 1.97 56176.35 56176.35
4.461 50.10 55585.13 55585.13
4.461 79.76 41801.78 41801.78
4.464 139.60 124218.46 124218.46
4.464 40.55 65907.13 65907.13
4.464 38.13 63641.52 63641.52
4.464 34.82 62228.60 62228.60
4.464 86.25 35073.79 35073.79
4.468 18.14 72492.52 72492.52
4.468 103.83 40734.56 40734.56
4.468 2.99 38585.07 38585.07
4.468 16.86 34772.08 34772.08
4.471 120.89 88364.48 88364.48
4.471 122.29 65793.99 65793.99
4.471 123.81 58045.27 58045.27
4.471 62.19 44062.65 44062.65
4.471 83.84 41978.31 41978.31
4.474 118.09 67471.21 67471.21
4.474 35.96 45201.21 45201.21
4.474 123.31 42799.89 42799.89
4.477 38.76 66519.05 66519.05
4.477 17.76 35949.45 35949.45
4.481 3.62 41273.78 41273.78
4.484 123.43 66601.75 66601.75
4.484 39.40 65165.04 65165.04
4.484 35.84 50352.57 50352.57
4.484 81.67 45119.83 45119.83
4.487 138.71 67827.48 67827.48
4.487 122.67 48431.52 48431.52
4.487 116.56 45115.11 45115.11
4.487 40.55 42419.03 42419.03
4.487 119.74 40741.98 40741.98
4.487 37.87 38525.13 38525.13
4.487 137.57 34728.32 34728.32
4.491 139.60 178340.68 178340.68
4.491 121.01 87399.00 87399.00
4.491 121.90 60736.37 60736.37
4.491 124.20 38271.08 38271.08
4.491 83.84 36141.13 36141.13
4.494 36.85 38840.21 38840.21
4.497 1.97 35769.98 35769.98
4.497 117.45 35077.60 35077.60
4.500 18.27 74904.69 74904.69
4.500 34.94 42082.54 42082.54
4.500 118.34 40747.33 40747.33
4.504 122.67 61919.50 61919.50
4.504 40.55 55913.01 55913.01
4.504 37.87 53088.23 53088.23
4.504 35.96 37650.33 37650.33
4.504 79.89 36486.15 36486.15
4.504 39.40 36473.09 36473.09
4.507 138.58 71306.26 71306.26
4.507 51.37 56630.48 56630.48
4.507 49.97 50998.17 50998.17
4.507 56.08 36783.98 36783.98
4.507 52.64 35912.62 35912.62
4.510 139.60 154969.25 154969.25
4.510 38.64 83608.11 83608.11
4.510 121.78 60302.92 60302.92
4.510 119.49 47115.21 47115.21
4.514 121.01 89359.41 89359.41
4.514 123.56 85291.54 85291.54
4.514 120.38 43428.66 43428.66
4.514 2.10 37907.93 37907.93
4.514 15.97 35333.17 35333.17
4.517 118.34 45322.81 45322.81
4.517 124.32 36427.96 36427.96
4.520 35.84 64202.61 64202.61
4.520 83.84 51326.62 51326.62
4.520 18.27 49538.27 49538.27
4.520 17.76 48304.52 48304.52
4.520 36.85 45128.02 45128.02
4.520 2.86 43160.49 43160.49
4.520 14.57 36409.96 36409.96
4.523 139.60 173408.16 173408.16
4.523 138.71 68439.75 68439.75
4.523 100.51 62385.52 62385.52
4.523 37.87 46457.67 46457.67
4.527 80.02 37524.65 37524.65
4.530 120.89 89795.51 89795.51
4.530 39.40 76612.96 76612.96
4.530 37.11 48955.37 48955.37
4.530 109.17 43804.97 43804.97
4.530 117.32 42968.22 42968.22
4.530 119.61 41844.86 41844.86
4.530 81.67 34823.22 34823.22
4.533 121.78 84210.74 84210.74
4.533 56.21 48055.46 48055.46
4.533 3.62 38073.93 38073.93
4.537 38.51 69954.04 69954.04
4.537 35.96 63061.74 63061.74
4.537 122.80 57303.90 57303.90
4.537 34.69 54106.48 54106.48
4.537 50.10 50959.81 50959.81
4.537 40.55 50138.25 50138.25
4.540 139.60 153297.99 153297.99
4.540 37.62 67144.89 67144.89
4.540 83.20 49992.74 49992.74
4.540 137.57 44057.82 44057.82
4.540 125.47 36315.29 36315.29
4.540 69.96 34986.92 34986.92
4.543 118.98 52483.12 52483.12
4.543 102.17 37019.81 37019.81
4.546 118.21 80003.15 80003.15
4.546 120.89 78152.70 78152.70
4.546 116.56 50037.16 50037.16
4.546 80.02 42214.10 42214.10
4.550 123.43 106206.53 106206.53
4.550 16.99 42449.10 42449.10
4.550 100.39 40476.85 40476.85
4.550 124.32 38840.56 38840.56
4.550 82.69 35304.19 35304.19
4.553 139.60 169787.61 169787.61
4.553 38.89 107800.34 107800.34
4.553 38.00 94968.10 94968.10
4.553 138.71 89292.43 89292.43
4.553 51.37 79786.48 79786.48
4.553 48.95 67889.00 67889.00
4.553 40.42 65713.39 65713.39
4.553 34.82 64252.07 64252.07
4.553 16.10 56963.66 56963.66
4.553 119.49 55770.94 55770.94
4.553 31.00 48772.50 48772.50
4.553 83.96 46058.13 46058.13
4.553 88.29 45076.17 45076.17
4.553 42.71 42695.48 42695.48
4.553 21.45 41521.15 41521.15
4.556 39.27 105855.10 105855.10
4.556 49.97 82975.33 82975.33
4.556 121.90 74763.86 74763.86
4.556 35.96 70208.73 70208.73
4.556 18.39 67504.73 67504.73
4.556 103.83 45197.00 45197.00
4.556 57.73 36880.64 36880.64
4.556 41.57 36520.79 36520.79
4.560 122.54 64844.33 64844.33
4.560 17.76 53317.10 53317.10
4.560 117.32 43544.33 43544.33
4.560 3.62 37024.35 37024.35
4.563 120.89 146478.46 146478.46
4.563 40.42 101730.92 101730.92
4.566 119.61 60804.02 60804.02
4.566 77.85 46617.43 46617.43
4.566 109.05 41994.96 41994.96
4.566 55.95 41882.98 41882.98
4.566 52.90 39769.41 39769.41
4.566 82.82 37566.49 37566.49
4.569 139.60 178480.74 178480.74
4.569 123.69 92606.69 92606.69
4.569 125.47 53283.54 53283.54
4.569 34.94 52755.62 52755.62
4.569 4.51 42278.48 42278.48
4.573 138.71 86304.56 86304.56
4.573 40.55 77994.53 77994.53
4.573 36.09 69409.93 69409.93
4.573 118.47 63110.49 63110.49
4.573 122.80 57010.53 57010.53
4.573 66.90 56054.60 56054.60
4.573 18.14 46089.54 46089.54
4.576 51.37 65739.72 65739.72
4.576 2.10 48346.98 48346.98
4.576 98.99 37260.96 37260.96
4.576 86.13 35241.57 35241.57
4.579 137.44 86275.12 86275.12
4.579 1.46 62698.74 62698.74
4.579 2.86 41030.57 41030.57
4.582 139.60 216637.35 216637.35
4.582 79.63 62436.64 62436.64
4.582 14.83 43178.42 43178.42
4.586 38.51 140557.69 140557.69
4.586 124.20 76807.31 76807.31
4.586 100.51 61565.61 61565.61
4.586 59.90 53814.26 53814.26
4.586 33.42 45798.52 45798.52
4.586 115.79 35964.14 35964.14
4.589 39.40 117358.62 117358.62
4.589 120.89 116987.03 116987.03
4.589 121.90 99613.25 99613.25
4.589 49.97 96066.70 96066.70
4.589 119.74 90811.19 90811.19
4.589 99.24 72832.68 72832.68
4.589 79.89 71048.93 71048.93
4.589 41.57 69863.89 69863.89
4.589 35.84 65254.39 65254.39
4.589 36.73 64078.86 64078.86
4.589 18.01 57912.72 57912.72
4.589 55.32 48920.27 48920.27
4.589 40.55 41110.10 41110.10
4.589 88.67 40920.12 40920.12
4.589 80.78 34758.71 34758.71
4.592 3.62 83623.04 83623.04
4.592 82.69 70475.16 70475.16
4.592 122.67 69805.86 69805.86
4.592 118.85 40900.07 40900.07
4.592 16.99 40693.52 40693.52
4.592 123.43 38708.23 38708.23
4.592 87.91 35178.42 35178.42
4.596 2.22 48511.56 48511.56
4.599 125.47 65233.36 65233.36
4.599 55.95 62014.57 62014.57
4.599 116.56 51473.53 51473.53
4.599 4.77 41649.94 41649.94
4.602 139.60 345176.24 345176.24
4.602 138.58 199426.35 199426.35
4.602 48.82 91647.03 91647.03
4.602 137.57 80039.65 80039.65
4.602 77.60 72215.12 72215.12
4.602 52.77 63840.17 63840.17
4.602 18.01 56747.38 56747.38
4.602 117.45 55906.52 55906.52
4.602 15.46 44201.54 44201.54
4.602 109.17 40538.19 40538.19
4.605 38.64 130569.39 130569.39
4.605 39.40 127855.41 127855.41
4.605 123.31 111283.94 111283.94
4.605 50.10 107267.26 107267.26
4.605 51.37 94575.52 94575.52
4.605 35.96 91195.35 91195.35
4.605 40.55 86778.78 86778.78
4.605 34.94 79482.02 79482.02
4.605 118.72 73279.71 73279.71
4.605 119.74 72392.34 72392.34
4.605 30.87 58401.06 58401.06
4.605 37.24 54520.49 54520.49
4.605 16.23 46793.71 46793.71
4.605 42.71 36907.89 36907.89
4.605 56.33 34863.35 34863.35
4.605 14.57 34553.05 34553.05
4.609 121.01 147151.51 147151.51
4.609 122.03 96629.20 96629.20
4.609 79.89 82816.65 82816.65
4.609 80.65 64714.71 64714.71
4.609 1.59 60451.32 60451.32
4.609 124.32 59039.57 59039.57
4.609 52.51 47257.05 47257.05
4.609 100.39 40501.27 40501.27
4.609 6.04 40001.33 40001.33
4.609 79.00 37589.07 37589.07
4.612 81.67 88148.13 88148.13
4.612 83.71 57170.40 57170.40
4.612 3.75 52966.96 52966.96
4.612 89.95 36369.76 36369.76
4.615 118.85 84661.55 84661.55
4.615 82.69 80720.54 80720.54
4.615 1.84 75000.78 75000.78
4.615 70.09 70629.16 70629.16
4.615 55.57 66890.51 66890.51
4.615 2.86 65716.08 65716.08
4.615 16.23 52156.70 52156.70
4.615 42.33 44994.60 44994.60
4.615 5.15 44492.25 44492.25
4.619 121.01 143057.48 143057.48
4.619 38.64 121599.42 121599.42
4.619 40.67 105737.77 105737.77
4.619 51.37 91374.82 91374.82
4.619 37.75 80476.16 80476.16
4.619 122.41 77125.18 77125.18
4.619 119.87 64528.30 64528.30
4.619 18.01 61368.64 61368.64
4.619 115.79 50811.69 50811.69
4.619 41.57 43188.76 43188.76
4.619 43.98 42020.46 42020.46
4.619 137.57 40780.09 40780.09
4.619 16.86 39174.04 39174.04
4.619 116.68 38413.28 38413.28
4.619 12.54 37699.95 37699.95
4.622 117.96 138341.58 138341.58
4.622 14.57 66685.38 66685.38
4.622 52.64 65008.84 65008.84
4.622 36.47 60362.28 60362.28
4.622 42.84 50440.79 50440.79
4.622 33.42 45846.13 45846.13
4.622 55.83 45303.49 45303.49
4.622 19.03 41187.07 41187.07
4.622 56.72 37260.39 37260.39
4.625 138.84 90599.34 90599.34
4.625 50.22 88688.19 88688.19
4.625 88.16 77751.61 77751.61
4.625 86.89 50543.06 50543.06
4.625 90.20 49343.78 49343.78
4.625 4.39 48888.37 48888.37
4.625 3.50 36932.05 36932.05
4.628 139.60 221928.50 221928.50
4.628 40.55 119891.01 119891.01
4.628 109.17 63226.69 63226.69
4.628 117.32 47713.00 47713.00
4.628 1.46 44065.53 44065.53
4.632 39.40 131656.70 131656.70
4.632 38.38 128462.98 128462.98
4.632 121.78 128074.51 128074.51
4.632 118.21 118025.59 118025.59
4.632 35.84 117735.76 117735.76
4.632 34.69 112293.84 112293.84
4.632 122.67 91493.73 91493.73
4.632 59.14 49449.22 49449.22
4.632 115.92 43082.86 43082.86
4.632 21.45 41321.36 41321.36
4.632 116.43 39712.71 39712.71
4.632 16.10 36376.55 36376.55
4.635 120.89 130799.63 130799.63
4.635 98.86 119431.91 119431.91
4.635 119.61 102466.26 102466.26
4.635 123.43 85266.69 85266.69
4.635 18.27 74753.85 74753.85
4.635 100.39 57862.56 57862.56
4.635 14.70 50398.32 50398.32
4.635 16.86 48404.46 48404.46
4.635 81.67 46394.31 46394.31
4.642 139.60 286602.35 286602.35
4.642 18.01 95098.24 95098.24
4.642 79.89 93937.17 93937.17
4.642 137.57 88383.64 88383.64
4.642 2.10 68581.37 68581.37
4.642 78.87 62249.72 62249.72
4.642 82.69 48784.88 48784.88
4.642 6.17 45084.56 45084.56
4.642 3.62 41955.53 41955.53
4.642 125.47 38484.36 38484.36
4.642 37.24 37222.63 37222.63
4.645 122.03 160737.35 160737.35
4.645 138.71 147650.06 147650.06
4.645 83.58 70659.03 70659.03
4.645 124.20 61354.73 61354.73
4.645 118.85 59708.01 59708.01
4.645 80.65 55490.50 55490.50
4.645 55.83 47836.39 47836.39
4.645 88.04 42881.20 42881.20
4.645 103.83 40986.63 40986.63
4.648 120.89 195280.83 195280.83
4.648 122.54 99575.15 99575.15
4.648 118.21 84742.36 84742.36
4.648 35.84 83563.51 83563.51
4.648 81.67 82138.19 82138.19
4.648 2.86 59111.61 59111.61
4.648 109.05 53565.50 53565.50
4.648 52.64 42978.93 42978.93
4.648 116.56 42500.43 42500.43
4.648 86.13 35742.11 35742.11
4.648 88.67 34564.33 34564.33
4.651 38.64 153887.51 153887.51
4.651 39.40 128166.08 128166.08
4.651 18.14 90955.97 90955.97
4.651 36.60 81356.74 81356.74
4.651 1.59 71299.98 71299.98
4.651 86.89 58075.72 58075.72
4.651 117.32 44552.01 44552.01
4.651 42.84 39670.16 39670.16
4.651 5.28 35461.86 35461.86
4.655 121.78 155224.43 155224.43
4.655 123.56 148107.66 148107.66
4.655 40.55 146488.97 146488.97
4.655 51.37 128052.74 128052.74
4.655 37.87 120469.72 120469.72
4.655 125.60 47012.15 47012.15
4.655 77.60 44975.69 44975.69
4.655 16.86 39874.12 39874.12
4.655 57.73 38114.43 38114.43
4.658 139.60 341365.00 341365.00
4.658 122.67 140583.51 140583.51
4.658 50.10 130446.48 130446.48
4.658 34.94 96187.92 96187.92
4.658 104.08 49512.57 49512.57
4.658 41.57 47661.99 47661.99
4.658 15.34 40358.42 40358.42
4.661 98.73 7268115.00 7268115.00
4.661 138.71 132203.30 132203.30
4.661 119.61 110231.23 110231.23
4.661 109.05 100732.90 100732.90
4.661 3.62 81581.46 81581.46
4.661 18.14 78900.83 78900.83
4.661 137.57 73504.87 73504.87
4.661 81.67 52175.15 52175.15
4.661 89.06 44750.69 44750.69
4.661 46.91 43741.03 43741.03
4.661 80.78 35216.43 35216.43
4.665 76.96 298330.58 298330.58
4.665 99.75 245411.42 245411.42
4.665 120.89 182502.10 182502.10
4.665 35.84 135558.75 135558.75
4.665 55.83 83435.34 83435.34
4.665 118.34 80831.50 80831.50
4.665 2.10 77116.39 77116.39
4.665 82.56 68956.27 68956.27
4.665 79.89 56006.70 56006.70
4.665 83.84 53712.09 53712.09
4.665 59.01 52282.71 52282.71
4.665 55.44 46212.30 46212.30
4.665 14.57 45955.30 45955.30
4.665 101.28 45396.38 45396.38
4.665 73.78 37597.79 37597.79
4.668 100.51 183536.97 183536.97
4.668 16.23 90442.98 90442.98
4.668 52.64 59798.32 59798.32
4.671 4.39 50999.15 50999.15
4.671 16.99 47521.55 47521.55
4.671 59.77 46250.20 46250.20
4.671 70.09 43751.78 43751.78
4.671 102.04 40634.07 40634.07
4.671 21.32 35517.70 35517.70
4.674 6.17 57051.56 57051.56
4.678 139.60 439488.24 439488.24
4.678 120.89 207979.71 207979.71
4.678 138.58 169724.64 169724.64
4.678 79.89 127083.98 127083.98
4.678 123.69 119358.55 119358.55
4.678 118.34 109801.66 109801.66
4.678 40.55 102423.06 102423.06
4.678 137.57 97386.01 97386.01
4.678 1.59 94507.92 94507.92
4.678 119.61 93177.46 93177.46
4.678 117.32 67518.65 67518.65
4.678 115.79 62282.79 62282.79
4.678 104.08 43596.13 43596.13
4.678 14.57 43568.56 43568.56
4.678 116.56 43003.48 43003.48
4.678 47.04 37717.91 37717.91
4.681 109.05 134554.45 134554.45
4.681 2.10 116827.95 116827.95
4.681 2.99 74037.78 74037.78
4.681 5.15 50947.66 50947.66
4.681 57.61 45770.55 45770.55
4.681 87.02 42062.44 42062.44
4.681 79.00 39546.13 39546.13
4.684 18.01 209647.85 209647.85
4.684 36.85 120341.94 120341.94
4.684 51.50 104497.17 104497.17
4.684 83.58 93737.42 93737.42
4.684 3.62 85763.45 85763.45
4.684 82.82 79653.46 79653.46
4.684 88.67 75812.58 75812.58
4.684 33.42 75714.06 75714.06
4.684 41.57 73275.90 73275.90
4.684 55.95 72129.73 72129.73
4.684 19.03 68872.00 68872.00
4.684 125.47 66447.48 66447.48
4.684 104.97 64363.35 64363.35
4.684 21.32 63315.21 63315.21
4.684 88.04 57800.90 57800.90
4.684 4.51 45181.29 45181.29
4.684 42.71 45080.83 45080.83
4.684 75.56 41089.00 41089.00
4.684 59.01 39030.05 39030.05
4.684 77.60 35449.82 35449.82
4.688 50.10 162319.52 162319.52
4.688 80.65 80123.83 80123.83
4.688 10.88 75142.20 75142.20
4.688 59.90 75077.55 75077.55
4.691 39.27 264475.75 264475.75
4.691 123.56 215461.84 215461.84
4.691 122.67 174789.02 174789.02
4.691 34.82 158174.71 158174.71
4.691 109.17 127436.43 127436.43
4.691 81.67 121910.38 121910.38
4.691 88.93 91556.54 91556.54
4.691 115.79 74741.00 74741.00
4.691 125.72 69554.49 69554.49
4.691 15.46 56597.24 56597.24
4.691 103.83 53201.44 53201.44
4.694 120.89 237491.11 237491.11
4.694 121.78 221878.09 221878.09
4.694 138.71 189201.40 189201.40
4.694 99.37 118665.52 118665.52
4.694 118.21 114936.18 114936.18
4.694 116.56 109384.81 109384.81
4.694 117.32 102687.62 102687.62
4.694 119.74 102609.38 102609.38
4.694 118.72 93300.14 93300.14
4.694 86.13 44906.52 44906.52
4.697 40.55 199766.95 199766.95
4.697 52.64 147543.03 147543.03
4.697 48.70 89760.49 89760.49
4.697 77.47 84863.62 84863.62
4.697 14.57 84213.14 84213.14
4.697 90.07 64834.02 64834.02
4.697 125.47 59504.32 59504.32
4.697 106.24 47299.97 47299.97
4.697 76.58 39109.92 39109.92
4.701 3.62 135239.19 135239.19
4.701 16.23 124116.15 124116.15
4.701 21.45 111158.32 111158.32
4.701 83.58 110584.96 110584.96
4.701 59.14 85521.01 85521.01
4.701 79.76 85468.64 85468.64
4.701 4.39 73998.53 73998.53
4.701 100.39 68858.06 68858.06
4.701 6.17 62899.46 62899.46
4.701 42.84 56179.75 56179.75
4.701 1.46 54759.18 54759.18
4.701 58.63 46526.47 46526.47
4.701 2.86 43851.46 43851.46
4.704 35.84 266965.01 266965.01
4.704 36.73 140372.28 140372.28
4.704 5.28 101932.76 101932.76
4.704 55.95 77606.35 77606.35
4.704 61.43 55998.28 55998.28
4.704 16.86 55730.74 55730.74
4.707 139.60 628210.74 628210.74
4.707 120.89 277390.71 277390.71
4.707 39.40 239270.21 239270.21
4.707 138.71 222907.12 222907.12
4.707 38.51 220194.65 220194.65
4.707 118.21 215382.61 215382.61
4.707 119.61 179619.75 179619.75
4.707 122.67 170115.21 170115.21
4.707 137.44 136707.57 136707.57
4.707 18.14 125050.42 125050.42
4.707 49.97 117170.17 117170.17
4.707 77.72 104324.48 104324.48
4.707 41.44 95932.75 95932.75
4.707 62.32 92067.56 92067.56
4.707 86.13 87728.53 87728.53
4.707 2.10 84847.02 84847.02
4.707 81.67 78940.50 78940.50
4.707 79.00 61952.54 61952.54
4.707 90.71 56734.30 56734.30
4.707 8.46 54020.32 54020.32
4.707 86.89 53265.37 53265.37
4.707 12.66 40983.05 40983.05
4.707 88.04 40939.24 40939.24
4.707 136.67 39839.48 39839.48
4.707 80.65 37942.81 37942.81
4.711 37.75 185956.60 185956.60
4.711 109.05 149655.91 149655.91
4.711 82.69 124884.08 124884.08
4.711 117.32 116001.15 116001.15
4.711 115.92 72909.91 72909.91
4.711 15.46 71805.18 71805.18
4.711 73.78 60950.37 60950.37
4.711 62.83 49238.87 49238.87
4.714 100.39 163563.27 163563.27
4.714 2.86 134300.01 134300.01
4.714 88.80 128133.68 128133.68
4.714 3.75 89096.64 89096.64
4.714 103.95 87391.70 87391.70
4.714 77.60 79981.65 79981.65
4.714 59.90 76308.72 76308.72
4.714 64.23 74766.32 74766.32
4.714 78.23 38485.82 38485.82
4.717 123.56 392948.97 392948.97
4.717 51.37 265416.60 265416.60
4.717 18.27 203994.36 203994.36
4.717 83.84 179111.16 179111.16
4.717 4.64 150162.91 150162.91
4.717 6.17 127895.86 127895.86
4.717 90.07 120579.25 120579.25
4.717 17.63 96909.15 96909.15
4.717 55.44 66822.98 66822.98
4.717 75.31 61946.53 61946.53
4.717 33.54 51282.43 51282.43
4.720 139.60 963854.84 963854.84
4.720 121.90 336940.20 336940.20
4.720 120.89 336557.28 336557.28
4.720 138.58 287712.26 287712.26
4.720 38.51 254810.50 254810.50
4.720 122.67 229745.91 229745.91
4.720 37.87 228639.97 228639.97
4.720 118.34 225328.34 225328.34
4.720 125.60 212006.10 212006.10
4.720 81.67 205128.33 205128.33
4.720 41.57 193836.40 193836.40
4.720 1.97 160098.89 160098.89
4.720 21.58 155402.20 155402.20
4.720 80.65 149282.04 149282.04
4.720 46.91 116393.89 116393.89
4.720 19.03 104943.81 104943.81
4.720 126.87 103178.67 103178.67
4.720 0.95 102204.40 102204.40
4.720 126.11 102056.07 102056.07
4.720 73.90 82693.23 82693.23
4.720 124.45 82681.81 82681.81
4.720 15.46 74469.72 74469.72
4.720 11.01 72292.26 72292.26
4.720 11.52 67747.27 67747.27
4.720 86.25 60290.05 60290.05
4.720 53.02 44076.72 44076.72
4.724 123.81 356618.64 356618.64
4.724 70.09 270543.47 270543.47
4.724 36.73 247701.49 247701.49
4.724 42.97 230292.59 230292.59
4.724 44.11 220319.30 220319.30
4.724 55.95 210016.98 210016.98
4.724 52.51 197758.39 197758.39
4.724 75.56 189757.50 189757.50
4.724 89.18 181622.52 181622.52
4.724 12.66 179877.39 179877.39
4.724 35.84 179193.04 179193.04
4.724 104.97 149452.62 149452.62
4.724 61.43 143129.40 143129.40
4.724 3.24 135501.97 135501.97
4.724 65.88 121341.91 121341.91
4.724 20.17 120825.06 120825.06
4.724 62.32 73095.88 73095.88
4.724 63.08 58516.81 58516.81
4.727 122.41 615229.10 615229.10
4.727 40.55 444328.31 444328.31
4.727 79.76 347065.20 347065.20
4.727 34.82 322321.33 322321.33
4.727 137.57 284775.85 284775.85
4.727 127.13 237688.16 237688.16
4.727 64.36 184041.98 184041.98
4.727 99.50 140708.63 140708.63
4.727 77.60 116236.93 116236.93
4.727 4.39 114400.39 114400.39
4.727 45.38 112807.02 112807.02
4.727 104.08 100752.62 100752.62
4.727 48.70 99619.48 99619.48
4.727 78.87 75927.30 75927.30
4.727 68.30 49743.93 49743.93
4.730 36.98 403934.38 403934.38
4.730 116.18 280565.25 280565.25
4.730 8.46 197390.60 197390.60
4.730 86.89 195547.81 195547.81
4.730 74.29 118512.40 118512.40
4.734 40.80 613825.13 613825.13
4.734 49.97 490324.43 490324.43
4.734 57.61 394059.13 394059.13
4.734 56.33 392709.82 392709.82
4.734 109.17 321798.79 321798.79
4.734 16.36 301602.41 301602.41
4.734 59.14 249339.22 249339.22
4.734 14.57 208122.25 208122.25
4.734 88.04 201190.15 201190.15
4.734 80.65 200187.50 200187.50
4.734 76.58 156881.81 156881.81
4.734 22.08 147990.68 147990.68
4.734 44.24 106852.92 106852.92
4.734 49.08 56943.77 56943.77
4.737 139.60 2213097.29 2213097.29
4.737 39.27 642670.49 642670.49
4.737 38.38 572252.03 572252.03
4.737 122.80 511923.11 511923.11
4.737 52.64 504121.36 504121.36
4.737 82.82 412386.61 412386.61
4.737 81.67 373511.07 373511.07
4.737 119.61 340228.17 340228.17
4.737 137.44 270525.28 270525.28
4.737 1.97 242608.95 242608.95
4.737 5.28 232552.80 232552.80
4.737 20.94 226376.81 226376.81
4.737 12.79 175224.51 175224.51
4.737 51.37 149331.88 149331.88
4.737 86.00 146298.66 146298.66
4.737 19.03 104304.41 104304.41
4.737 55.57 102376.16 102376.16
4.737 73.65 80488.15 80488.15
4.737 45.89 74137.77 74137.77
4.737 135.27 69881.50 69881.50
4.740 138.71 1218582.44 1218582.44
4.740 120.89 781454.47 781454.47
4.740 35.84 718370.08 718370.08
4.740 100.39 392818.91 392818.91
4.740 88.29 368871.82 368871.82
4.740 62.32 320684.64 320684.64
4.740 83.84 256444.01 256444.01
4.740 127.51 255524.29 255524.29
4.740 77.60 205270.81 205270.81
4.740 117.45 184260.81 184260.81
4.740 99.37 134607.64 134607.64
4.740 71.36 127433.53 127433.53
4.740 126.49 104137.84 104137.84
4.740 59.77 82249.47 82249.47
4.743 109.17 910625.81 910625.81
4.743 21.19 645966.71 645966.71
4.743 16.61 460489.48 460489.48
4.743 116.56 371524.99 371524.99
4.743 90.07 332875.59 332875.59
4.743 15.34 321240.21 321240.21
4.743 106.12 255339.86 255339.86
4.743 125.60 238677.63 238677.63
4.743 105.23 236609.78 236609.78
4.743 43.09 208668.68 208668.68
4.743 125.22 207652.16 207652.16
4.743 104.08 174273.98 174273.98
4.743 64.23 128234.75 128234.75
4.743 76.07 99051.65 99051.65
4.743 108.28 91457.48 91457.48
4.743 6.17 70708.60 70708.60
4.747 120.76 1506751.85 1506751.85
4.747 118.47 1184919.00 1184919.00
4.747 86.13 741389.69 741389.69
4.747 3.62 697161.03 697161.03
4.747 79.00 406560.22 406560.22
4.747 137.44 399346.60 399346.60
4.747 117.19 266476.26 266476.26
4.747 61.43 256551.13 256551.13
4.747 101.28 243014.56 243014.56
4.747 99.62 203507.27 203507.27
4.747 133.62 168075.01 168075.01
4.747 56.21 144530.16 144530.16
4.747 75.56 41485.36 41485.36
4.750 18.14 1393342.75 1393342.75
4.750 122.54 1282215.97 1282215.97
4.750 80.02 1241811.13 1241811.13
4.750 8.46 880237.50 880237.50
4.750 15.59 875073.90 875073.90
4.750 57.48 801716.25 801716.25
4.750 49.97 712165.89 712165.89
4.750 62.45 696277.25 696277.25
4.750 34.94 642375.26 642375.26
4.750 12.92 623595.34 623595.34
4.750 45.51 571350.24 571350.24
4.750 33.42 534014.94 534014.94
4.750 28.45 427697.31 427697.31
4.750 73.65 401230.61 401230.61
4.750 76.45 388554.72 388554.72
4.750 122.03 381518.78 381518.78
4.750 74.41 354299.09 354299.09
4.750 11.52 236843.32 236843.32
4.753 139.60 10820971.00 10820971.00
4.753 121.01 3016972.75 3016972.75
4.753 138.84 2816632.76 2816632.76
4.753 109.55 1939051.50 1939051.50
4.753 35.96 1893431.10 1893431.10
4.753 41.06 1747709.53 1747709.53
4.753 38.51 1690083.71 1690083.71
4.753 4.90 1587366.38 1587366.38
4.753 1.97 1388497.95 1388497.95
4.753 36.85 1364139.48 1364139.48
4.753 89.06 1358131.09 1358131.09
4.753 86.38 1186934.38 1186934.38
4.753 137.82 1007300.17 1007300.17
4.753 51.37 999555.06 999555.06
4.753 119.61 946602.67 946602.67
4.753 83.96 740422.71 740422.71
4.753 37.75 739730.50 739730.50
4.753 80.78 682669.68 682669.68
4.753 13.55 668620.81 668620.81
4.753 71.36 522821.61 522821.61
4.753 88.16 499192.27 499192.27
4.753 47.17 454463.78 454463.78
4.753 65.37 412700.19 412700.19
4.753 108.66 275500.88 275500.88
4.753 65.88 103107.91 103107.91
4.753 102.68 102719.11 102719.11
4.756 39.66 3235349.79 3235349.79
4.756 82.05 2937737.50 2937737.50
4.756 41.82 2386205.93 2386205.93
4.756 122.92 2335093.48 2335093.48
4.756 86.76 2167182.75 2167182.75
4.756 126.11 2165434.03 2165434.03
4.756 57.73 2105738.00 2105738.00
4.756 8.84 2079803.88 2079803.88
4.756 53.15 1955867.25 1955867.25
4.756 76.96 1733536.63 1733536.63
4.756 62.96 1705961.63 1705961.63
4.756 50.22 1606601.88 1606601.88
4.756 44.24 1542300.14 1542300.14
4.756 18.52 1449410.50 1449410.50
4.756 56.72 905636.01 905636.01
4.756 68.43 859440.25 859440.25
4.756 106.24 781499.27 781499.27
4.756 54.42 616556.52 616556.52
4.756 20.30 589385.88 589385.88
4.756 103.06 378422.36 378422.36
4.756 102.17 341967.46 341967.46
4.756 61.68 316762.72 316762.72
4.756 19.03 306611.37 306611.37
4.756 92.11 117876.58 117876.58
4.760 139.86 28525658.00 28525658.00
4.760 124.20 5078688.45 5078688.45
4.760 121.40 2469211.50 2469211.50
4.760 58.12 2359145.50 2359145.50
4.760 38.76 1895337.69 1895337.69
4.760 17.12 1851052.63 1851052.63
4.760 90.20 1361675.54 1361675.54
4.760 21.45 1353828.82 1353828.82
4.760 47.55 1297239.00 1297239.00
4.760 84.47 1236338.21 1236338.21
4.760 6.17 1189669.01 1189669.01
4.760 104.08 951703.38 951703.38
4.760 22.34 902283.65 902283.65
4.760 43.60 810556.29 810556.29
4.760 30.11 797180.26 797180.26
4.760 95.55 731115.13 731115.13
4.760 2.99 577213.14 577213.14
4.760 74.54 565887.38 565887.38
4.760 59.26 433032.26 433032.26
4.760 94.02 345710.16 345710.16
4.760 9.48 165779.27 165779.27
4.763 53.66 3218476.25 3218476.25
4.763 126.49 3042786.54 3042786.54
4.763 46.15 2786715.56 2786715.56
4.763 127.13 2640141.92 2640141.92
4.763 63.21 2559490.00 2559490.00
4.763 2.48 2270034.54 2270034.54
4.763 125.34 2166054.28 2166054.28
4.763 3.75 2067853.14 2067853.14
4.763 44.49 2031899.81 2031899.81
4.763 100.51 2007506.50 2007506.50
4.763 91.09 1907480.93 1907480.93
4.763 87.15 1663804.00 1663804.00
4.763 77.47 1507191.38 1507191.38
4.763 19.28 1499673.00 1499673.00
4.763 66.39 1277328.50 1277328.50
4.763 23.74 1236090.53 1236090.53
4.763 108.92 1217188.51 1217188.51
4.763 5.53 1125405.08 1125405.08
4.763 64.48 993467.75 993467.75
4.763 68.68 811364.19 811364.19
4.763 121.90 758230.15 758230.15
4.763 83.58 434123.17 434123.17
4.763 7.57 363610.65 363610.65
4.766 131.58 6553689.50 6553689.50
4.766 124.83 5236078.64 5236078.64
4.766 129.54 4385704.25 4385704.25
4.766 132.85 3384075.83 3384075.83
4.766 42.97 3127529.87 3127529.87
4.766 127.51 3124667.32 3124667.32
4.766 93.00 2787172.25 2787172.25
4.766 128.53 2693207.78 2693207.78
4.766 134.00 2364944.00 2364944.00
4.766 111.85 2297209.75 2297209.75
4.766 60.03 1966918.06 1966918.06
4.766 6.42 1817142.13 1817142.13
4.766 20.81 1807696.00 1807696.00
4.766 118.85 1628039.31 1628039.31
4.766 29.21 1422608.50 1422608.50
4.766 94.53 1417061.75 1417061.75
4.766 74.80 1328955.00 1328955.00
4.766 67.28 1310321.71 1310321.71
4.766 106.88 1296704.63 1296704.63
4.766 9.86 1287669.44 1287669.44
4.766 51.88 1259292.25 1259292.25
4.766 91.35 1186495.57 1186495.57
4.766 98.22 667472.93 667472.93
4.766 60.79 154308.60 154308.60
4.770 0.19 38013340.00 38013340.00
4.770 30.62 6145868.50 6145868.50
4.770 1.20 3660300.80 3660300.80
4.770 25.14 2969665.46 2969665.46
4.770 45.00 2387448.89 2387448.89
4.770 3.37 1814515.35 1814515.35
4.770 31.51 1802509.78 1802509.78
4.770 62.06 1752672.00 1752672.00
4.770 63.85 1640882.07 1640882.07
4.770 99.24 1430836.63 1430836.63
4.770 71.99 1385152.13 1385152.13
4.770 22.98 1334747.88 1334747.88
4.770 48.31 1330591.77 1330591.77
4.770 68.94 1270218.51 1270218.51
4.770 7.82 1235169.01 1235169.01
4.770 64.74 787995.10 787995.10
4.770 120.00 731939.75 731939.75
4.770 122.16 673925.44 673925.44
4.770 96.57 633164.69 633164.69
4.770 83.33 373611.98 373611.98
4.770 48.82 350182.24 350182.24
4.773 6.68 3076188.25 3076188.25
4.773 82.82 2276227.00 2276227.00
4.773 66.65 2222077.25 2222077.25
4.773 52.13 1785130.63 1785130.63
4.773 31.89 1499560.00 1499560.00
4.773 67.54 1292993.50 1292993.50
4.773 69.58 1278285.25 1278285.25
4.773 107.90 1241921.63 1241921.63
4.773 110.32 1218456.75 1218456.75
4.773 75.05 1217840.00 1217840.00
4.773 117.32 1145537.33 1145537.33
4.773 112.74 1035492.50 1035492.50
4.773 85.62 896702.11 896702.11
4.773 27.69 876770.48 876770.48
4.773 28.83 841231.42 841231.42
4.773 116.56 729099.76 729099.76
4.773 61.17 575035.21 575035.21
4.773 118.21 516483.36 516483.36
4.773 34.05 499984.47 499984.47
4.773 115.79 484125.61 484125.61
4.773 103.32 471045.01 471045.01
4.773 32.65 458008.98 458008.98
4.773 114.39 414224.56 414224.56
4.773 14.45 393031.52 393031.52
4.773 5.15 371171.76 371171.76
4.776 26.16 2744626.03 2744626.03
4.776 24.38 2124108.27 2124108.27
4.776 1.84 1525407.03 1525407.03
4.776 78.74 1517465.57 1517465.57
4.776 99.62 1420202.75 1420202.75
4.776 22.08 1418493.63 1418493.63
4.776 72.38 1329296.38 1329296.38
4.776 27.30 1221855.54 1221855.54
4.776 58.75 1172020.28 1172020.28
4.776 96.06 1152545.50 1152545.50
4.776 43.98 1139923.54 1139923.54
4.776 120.25 867142.88 867142.88
4.776 17.76 832571.37 832571.37
4.776 94.91 819036.38 819036.38
4.776 92.11 586705.26 586705.26
4.776 101.79 517080.91 517080.91
4.776 98.73 354738.76 354738.76
4.776 34.94 311618.47 311618.47
4.779 29.85 2412584.25 2412584.25
4.779 57.23 2028553.25 2028553.25
4.779 73.40 1783128.25 1783128.25
4.779 64.86 1706380.82 1706380.82
4.779 85.11 1623084.93 1623084.93
4.779 32.14 1509768.15 1509768.15
4.779 70.59 1400977.00 1400977.00
4.779 8.21 1386911.78 1386911.78
4.779 33.16 1299916.38 1299916.38
4.779 83.96 1226986.84 1226986.84
4.779 79.63 1211890.72 1211890.72
4.779 28.32 1181544.00 1181544.00
4.779 77.98 1114965.55 1114965.55
4.779 97.59 1096379.13 1096379.13
4.779 23.74 1028866.56 1028866.56
4.779 81.29 974732.63 974732.63
4.779 76.32 953916.25 953916.25
4.779 54.68 950057.44 950057.44
4.779 133.36 845508.40 845508.40
4.779 122.41 723251.56 723251.56
4.779 112.10 687832.09 687832.09
4.779 34.31 624238.06 624238.06
4.779 87.91 580943.91 580943.91
4.779 19.67 578180.05 578180.05
4.779 132.09 525649.47 525649.47
4.779 10.50 475684.75 475684.75
4.779 113.63 438707.71 438707.71
4.779 47.93 420378.98 420378.98
4.779 119.61 383935.85 383935.85
4.779 4.90 271454.56 271454.56
4.779 107.64 245143.70 245143.70
4.779 102.42 193086.96 193086.96
4.783 95.17 1930797.63 1930797.63
4.783 125.72 1644722.28 1644722.28
4.783 81.80 1523341.60 1523341.60
4.783 109.68 1315253.00 1315253.00
4.783 62.57 1259974.00 1259974.00
4.783 50.73 1092188.00 1092188.00
4.783 130.05 1071082.67 1071082.67
4.783 97.20 1013451.35 1013451.35
4.783 136.80 917947.57 917947.57
4.783 43.47 827822.27 827822.27
4.783 54.30 820985.50 820985.50
4.783 68.05 795105.25 795105.25
4.783 101.15 681060.63 681060.63
4.783 124.96 625193.18 625193.18
4.783 41.95 549554.78 549554.78
4.783 65.63 537265.05 537265.05
4.783 52.51 533691.25 533691.25
4.783 56.59 508850.86 508850.86
4.783 80.40 417299.68 417299.68
4.783 93.51 359720.46 359720.46
4.783 126.36 349014.99 349014.99
4.783 134.64 327750.28 327750.28
4.783 121.01 227834.32 227834.32
4.783 130.56 224439.33 224439.33
4.783 129.03 215815.84 215815.84
4.786 47.17 1768677.88 1768677.88
4.786 8.59 1739279.25 1739279.25
4.786 86.38 1673111.38 1673111.38
4.786 29.60 1401747.13 1401747.13
4.786 124.07 1279356.00 1279356.00
4.786 76.58 1115544.25 1115544.25
4.786 57.61 1044185.61 1044185.61
4.786 53.15 911950.81 911950.81
4.786 13.55 801143.81 801143.81
4.786 66.01 745888.97 745888.97
4.786 122.67 656532.83 656532.83
4.786 11.77 537559.25 537559.25
4.786 119.36 494806.59 494806.59
4.786 132.35 454123.96 454123.96
4.786 137.57 390947.85 390947.85
4.786 76.07 388390.41 388390.41
4.786 4.13 130180.05 130180.05
4.786 102.17 60433.48 60433.48
4.789 29.21 1445432.26 1445432.26
4.789 110.83 1299410.63 1299410.63
4.789 16.48 1108413.99 1108413.99
4.789 15.59 988508.09 988508.09
4.789 72.76 899953.14 899953.14
4.789 67.03 686557.38 686557.38
4.789 7.32 571477.69 571477.69
4.789 130.82 440602.06 440602.06
4.789 45.64 418549.06 418549.06
4.789 111.21 392038.66 392038.66
4.789 94.15 300399.01 300399.01
4.789 105.99 191791.30 191791.30
4.789 108.41 146839.16 146839.16
4.793 53.41 1259107.63 1259107.63
4.793 63.34 1178119.75 1178119.75
4.793 92.62 1112302.53 1112302.53
4.793 124.32 969909.45 969909.45
4.793 57.86 929393.54 929393.54
4.793 66.27 877107.16 877107.16
4.793 18.77 750692.56 750692.56
4.793 71.74 557526.38 557526.38
4.793 104.59 515789.68 515789.68
4.793 55.83 500995.33 500995.33
4.793 123.31 460205.58 460205.58
4.793 17.12 430958.36 430958.36
4.793 73.90 371053.66 371053.66
4.793 83.33 364157.16 364157.16
4.793 2.22 309291.44 309291.44
4.793 96.31 206941.42 206941.42
4.793 20.81 205011.41 205011.41
4.793 103.06 180390.96 180390.96
4.796 126.49 828663.48 828663.48
4.796 128.02 800160.54 800160.54
4.796 22.34 775992.10 775992.10
4.796 25.01 721324.29 721324.29
4.796 131.07 716049.92 716049.92
4.796 124.83 702800.07 702800.07
4.796 31.51 615513.61 615513.61
4.796 59.64 574674.25 574674.25
4.796 111.46 520324.12 520324.12
4.796 44.75 492834.58 492834.58
4.796 128.78 488132.00 488132.00
4.796 105.35 467212.71 467212.71
4.796 77.22 450869.66 450869.66
4.796 103.83 392596.06 392596.06
4.796 87.40 329388.57 329388.57
4.796 132.60 266430.77 266430.77
4.796 58.75 236445.30 236445.30
4.796 9.61 215991.72 215991.72
4.796 3.37 188340.81 188340.81
4.796 74.80 182951.89 182951.89
4.796 54.81 167205.92 167205.92
4.799 30.23 989193.22 989193.22
4.799 19.54 839950.07 839950.07
4.799 26.29 791466.75 791466.75
4.799 20.43 730308.79 730308.79
4.799 60.28 538664.38 538664.38
4.799 127.13 483550.92 483550.92
4.799 89.44 439684.55 439684.55
4.799 106.75 432154.47 432154.47
4.799 131.58 311250.65 311250.65
4.799 32.27 290808.10 290808.10
4.799 85.62 231168.85 231168.85
4.799 61.81 195366.68 195366.68
4.799 42.84 172737.49 172737.49
4.799 41.31 116894.88 116894.88
4.799 137.95 116464.32 116464.32
4.802 139.35 915231.69 915231.69
4.802 66.52 826773.32 826773.32
4.802 67.41 628363.89 628363.89
4.802 64.86 616362.93 616362.93
4.802 23.99 611666.55 611666.55
4.802 26.92 448786.67 448786.67
4.802 27.81 425295.18 425295.18
4.802 61.05 408453.94 408453.94
4.802 6.68 401676.67 401676.67
4.802 129.42 370991.25 370991.25
4.802 75.05 349195.05 349195.05
4.802 21.83 294735.11 294735.11
4.802 42.20 281906.66 281906.66
4.802 134.13 148904.49 148904.49
4.806 25.40 862514.25 862514.25
4.806 23.23 466815.87 466815.87
4.806 29.34 429288.59 429288.59
4.806 113.50 337631.65 337631.65
4.806 73.01 333081.78 333081.78
4.806 84.22 312050.24 312050.24
4.806 43.47 301600.19 301600.19
4.806 70.72 169708.15 169708.15
4.806 98.61 145696.92 145696.92
4.806 7.82 95207.83 95207.83
4.806 133.24 94248.09 94248.09
4.809 130.31 439652.10 439652.10
4.809 109.68 388169.61 388169.61
4.809 56.97 296420.34 296420.34
4.809 97.46 269502.18 269502.18
4.809 107.52 259558.16 259558.16
4.809 85.11 232518.44 232518.44
4.809 69.19 229745.90 229745.90
4.809 127.00 227238.82 227238.82
4.809 115.16 218467.52 218467.52
4.809 86.64 94690.37 94690.37
4.809 5.79 86071.14 86071.14
4.809 33.16 61889.88 61889.88
4.809 58.75 50357.66 50357.66
4.809 17.12 40732.56 40732.56
4.812 112.23 469212.64 469212.64
4.812 95.29 423178.60 423178.60
4.812 110.96 404762.03 404762.03
4.812 93.51 374312.98 374312.98
4.812 132.73 357117.11 357117.11
4.812 128.02 281374.12 281374.12
4.812 68.30 224590.78 224590.78
4.812 90.46 217281.03 217281.03
4.812 97.20 206293.65 206293.65
4.812 136.55 174734.83 174734.83
4.812 77.98 169169.16 169169.16
4.812 62.70 144024.40 144024.40
4.812 108.41 88306.89 88306.89
4.816 87.40 368636.60 368636.60
4.816 23.99 346978.78 346978.78
4.816 29.34 341461.85 341461.85
4.816 63.59 316538.31 316538.31
4.816 129.67 284921.08 284921.08
4.816 91.86 271644.72 271644.72
4.816 115.03 242239.66 242239.66
4.816 73.01 237898.71 237898.71
4.816 27.81 221940.85 221940.85
4.816 20.68 201455.04 201455.04
4.816 105.74 184325.38 184325.38
4.816 89.57 174904.69 174904.69
4.816 47.42 172970.08 172970.08
4.816 67.28 170170.25 170170.25
4.816 13.55 162503.88 162503.88
4.816 91.22 162145.69 162145.69
4.816 104.72 156984.19 156984.19
4.816 94.15 147398.33 147398.33
4.816 96.31 128248.90 128248.90
4.816 28.58 108766.33 108766.33
4.819 26.92 481068.90 481068.90
4.819 92.62 459840.15 459840.15
4.819 31.51 400336.06 400336.06
4.819 131.84 352054.92 352054.92
4.819 110.70 287539.25 287539.25
4.819 24.89 275908.89 275908.89
4.819 7.95 267588.10 267588.10
4.819 44.88 249206.68 249206.68
4.819 75.94 153060.99 153060.99
4.819 136.04 143447.75 143447.75
4.819 106.88 135529.39 135529.39
4.819 46.53 121333.51 121333.51
4.819 9.99 100689.09 100689.09
4.819 83.58 49030.91 49030.91
4.822 134.26 206066.22 206066.22
4.822 60.41 194075.72 194075.72
4.822 43.22 185300.74 185300.74
4.822 14.95 122432.07 122432.07
4.822 128.78 96313.17 96313.17
4.822 61.17 75504.76 75504.76
4.822 44.24 55900.89 55900.89
4.822 34.05 37166.00 37166.00
4.825 32.27 339702.99 339702.99
4.825 67.92 190770.17 190770.17
4.825 71.87 165427.12 165427.12
4.825 16.36 163231.16 163231.16
4.825 6.81 145843.38 145843.38
4.825 101.02 134580.59 134580.59
4.825 20.43 131348.46 131348.46
4.825 74.03 96661.61 96661.61
4.825 113.50 88113.09 88113.09
4.825 30.11 39464.02 39464.02
4.825 17.37 38947.46 38947.46
4.829 19.54 135666.56 135666.56
4.829 75.18 135653.40 135653.40
4.829 85.75 59752.13 59752.13
4.829 15.72 53893.56 53893.56
4.829 12.92 40713.31 40713.31
4.829 83.33 34716.58 34716.58
4.832 26.29 257348.93 257348.93
4.832 66.65 216444.66 216444.66
4.832 67.54 211111.35 211111.35
4.832 70.72 170167.01 170167.01
4.832 133.36 123910.74 123910.74
4.832 89.57 115826.88 115826.88
4.832 72.76 112310.98 112310.98
4.832 43.22 105107.41 105107.41
4.832 22.59 97730.66 97730.66
4.832 81.29 94969.85 94969.85
4.835 93.51 370988.43 370988.43
4.835 73.52 318801.91 318801.91
4.835 76.45 261082.13 261082.13
4.835 27.05 251452.88 251452.88
4.835 84.35 222342.21 222342.21
4.835 97.46 205835.19 205835.19
4.835 27.81 169299.39 169299.39
4.835 85.11 152570.16 152570.16
4.835 80.14 142585.67 142585.67
4.835 57.23 136058.34 136058.34
4.835 124.71 94758.71 94758.71
4.835 18.01 93490.37 93490.37
4.835 122.80 63868.66 63868.66
4.835 8.46 57936.79 57936.79
4.835 137.18 56063.06 56063.06
4.835 77.98 50175.82 50175.82
4.839 130.56 356679.20 356679.20
4.839 64.99 323191.14 323191.14
4.839 109.68 291531.86 291531.86
4.839 137.82 273539.55 273539.55
4.839 25.52 258665.96 258665.96
4.839 125.98 245004.25 245004.25
4.839 67.28 209732.22 209732.22
4.839 20.43 201316.84 201316.84
4.839 23.36 185892.50 185892.50
4.839 23.99 164019.71 164019.71
4.839 124.45 158482.97 158482.97
4.839 43.47 136863.08 136863.08
4.839 44.24 128722.04 128722.04
4.839 15.59 122953.91 122953.91
4.839 132.35 119961.71 119961.71
4.839 112.36 118953.39 118953.39
4.839 21.83 114997.02 114997.02
4.839 101.15 111367.40 111367.40
4.839 32.27 103585.55 103585.55
4.839 136.42 91060.29 91060.29
4.839 115.03 81218.26 81218.26
4.839 127.13 69166.65 69166.65
4.839 15.08 65435.18 65435.18
4.839 98.48 62141.42 62141.42
4.839 102.93 61100.17 61100.17
4.839 81.93 49429.34 49429.34
4.839 113.50 37589.94 37589.94
4.842 110.96 471206.72 471206.72
4.842 73.90 383616.55 383616.55
4.842 86.51 341493.91 341493.91
4.842 16.74 315411.39 315411.39
4.842 68.18 271545.18 271545.18
4.842 95.29 260530.18 260530.18
4.842 8.84 259494.13 259494.13
4.842 62.70 213719.72 213719.72
4.842 76.96 212113.75 212113.75
4.842 128.02 185795.89 185795.89
4.842 74.41 153216.89 153216.89
4.842 91.86 135569.34 135569.34
4.842 57.73 91323.08 91323.08
4.842 134.26 76623.46 76623.46
4.845 131.07 421646.35 421646.35
4.845 66.14 397092.22 397092.22
4.845 28.71 374808.76 374808.76
4.845 92.62 327702.17 327702.17
4.845 44.49 254154.83 254154.83
4.845 13.55 243336.85 243336.85
4.845 67.16 237628.11 237628.11
4.845 71.74 220318.56 220318.56
4.845 128.91 208884.51 208884.51
4.845 47.42 168928.38 168928.38
4.845 31.51 163580.74 163580.74
4.845 2.35 134707.09 134707.09
4.845 105.35 124223.75 124223.75
4.845 108.41 122360.67 122360.67
4.845 123.05 120898.61 120898.61
4.845 89.57 111240.62 111240.62
4.845 60.54 105028.83 105028.83
4.845 103.70 84780.91 84780.91
4.845 87.40 72440.62 72440.62
4.845 72.76 49749.63 49749.63
4.848 18.90 444075.57 444075.57
4.848 20.56 393781.58 393781.58
4.848 109.94 383060.28 383060.28
4.848 53.41 382205.82 382205.82
4.848 29.21 370344.06 370344.06
4.848 24.76 309042.76 309042.76
4.848 26.41 281577.30 281577.30
4.848 68.43 269573.53 269573.53
4.848 57.99 248627.39 248627.39
4.848 63.46 236625.41 236625.41
4.848 82.18 220341.15 220341.15
4.848 15.72 194138.57 194138.57
4.848 126.36 179389.66 179389.66
4.848 69.19 175709.40 175709.40
4.848 111.46 141639.35 141639.35
4.848 88.42 119903.89 119903.89
4.848 9.73 112262.95 112262.95
4.848 115.41 78052.05 78052.05
4.848 3.37 75547.75 75547.75
4.848 98.73 38625.41 38625.41
4.852 30.23 757024.57 757024.57
4.852 66.39 441693.59 441693.59
4.852 124.58 390097.07 390097.07
4.852 137.95 372054.41 372054.41
4.852 106.63 340472.04 340472.04
4.852 17.12 278205.88 278205.88
4.852 75.05 159814.83 159814.83
4.852 113.63 143157.38 143157.38
4.852 50.86 125197.28 125197.28
4.852 60.28 117932.82 117932.82
4.852 96.31 110654.65 110654.65
4.852 60.92 103494.88 103494.88
4.852 7.70 50938.49 50938.49
4.852 78.23 50565.00 50565.00
4.852 85.24 40101.71 40101.71
4.855 139.48 1284808.03 1284808.03
4.855 138.71 362615.40 362615.40
4.855 23.99 325606.44 325606.44
4.855 107.64 297239.49 297239.49
4.855 25.65 277694.20 277694.20
4.855 21.83 201008.64 201008.64
4.855 112.36 166713.10 166713.10
4.855 56.84 144933.02 144933.02
4.855 127.25 143992.35 143992.35
4.855 136.42 139660.19 139660.19
4.855 42.07 138949.22 138949.22
4.855 103.95 128078.13 128078.13
4.855 104.72 75872.29 75872.29
4.855 6.68 73671.29 73671.29
4.855 73.01 39315.40 39315.40
4.858 22.59 463028.35 463028.35
4.858 25.27 399372.41 399372.41
4.858 53.66 378772.69 378772.69
4.858 23.36 350401.38 350401.38
4.858 19.54 323909.51 323909.51
4.858 110.96 274920.86 274920.86
4.858 67.28 273234.70 273234.70
4.858 95.55 187373.79 187373.79
4.858 16.61 144681.99 144681.99
4.858 101.53 130619.80 130619.80
4.858 130.44 129019.06 129019.06
4.858 68.30 126440.66 126440.66
4.858 47.55 88595.20 88595.20
4.858 123.69 80976.67 80976.67
4.858 102.42 53401.04 53401.04
4.862 87.40 513819.84 513819.84
4.862 108.66 497470.41 497470.41
4.862 105.48 465633.64 465633.64
4.862 92.75 446339.39 446339.39
4.862 125.09 367684.25 367684.25
4.862 58.12 307930.74 307930.74
4.862 86.76 219868.00 219868.00
4.862 129.80 216253.32 216253.32
4.862 94.02 207371.37 207371.37
4.862 90.33 191206.58 191206.58
4.862 45.77 149309.95 149309.95
4.862 29.34 141912.46 141912.46
4.862 77.09 131533.48 131533.48
4.862 46.28 115928.39 115928.39
4.862 74.16 106446.50 106446.50
4.862 4.51 98322.94 98322.94
4.862 91.86 51267.92 51267.92
4.862 65.25 40642.46 40642.46
4.865 131.33 446542.25 446542.25
4.865 75.43 366095.84 366095.84
4.865 60.41 343369.68 343369.68
4.865 106.88 340474.23 340474.23
4.865 128.91 329461.13 329461.13
4.865 44.75 310704.57 310704.57
4.865 89.69 302555.19 302555.19
4.865 9.99 261652.61 261652.61
4.865 126.74 205783.30 205783.30
4.865 71.87 194125.65 194125.65
4.865 63.46 150631.36 150631.36
4.865 3.75 146228.80 146228.80
4.865 5.91 103411.56 103411.56
4.865 2.48 100681.15 100681.15
4.865 59.26 82471.00 82471.00
4.868 30.49 904077.92 904077.92
4.868 26.67 550941.59 550941.59
4.868 129.29 461932.11 461932.11
4.868 20.68 367406.87 367406.87
4.868 128.14 330066.55 330066.55
4.868 42.58 324678.29 324678.29
4.868 7.70 318075.74 318075.74
4.868 31.63 269553.52 269553.52
4.868 90.71 267041.53 267041.53
4.868 77.47 245414.69 245414.69
4.868 61.17 187731.06 187731.06
4.868 84.35 173999.43 173999.43
4.868 98.99 170048.00 170048.00
4.868 88.42 162958.73 162958.73
4.868 96.44 144508.93 144508.93
4.868 82.44 122157.60 122157.60
4.868 101.79 116842.64 116842.64
4.868 14.19 114089.95 114089.95
4.868 5.41 58127.40 58127.40
4.871 139.73 3136840.93 3136840.93
4.871 6.81 532718.95 532718.95
4.871 66.65 433901.09 433901.09
4.871 107.90 413040.56 413040.56
4.871 127.51 390754.00 390754.00
4.871 131.84 372785.06 372785.06
4.871 132.73 368415.88 368415.88
4.871 32.53 358564.04 358564.04
4.871 69.58 332671.36 332671.36
4.871 110.19 305457.50 305457.50
4.871 85.49 295798.13 295798.13
4.871 61.94 287492.76 287492.76
4.871 78.49 278478.38 278478.38
4.871 111.72 278102.97 278102.97
4.871 63.85 276692.11 276692.11
4.871 43.73 212399.65 212399.65
4.871 138.20 110774.33 110774.33
4.871 68.68 101070.96 101070.96
4.871 52.01 78027.27 78027.27
4.875 25.65 466184.86 466184.86
4.875 27.94 437774.99 437774.99
4.875 24.12 435037.05 435037.05
4.875 114.01 301951.75 301951.75
4.875 67.54 297100.03 297100.03
4.875 112.61 289071.72 289071.72
4.875 91.35 234224.95 234224.95
4.875 134.26 194459.63 194459.63
4.875 4.77 172349.42 172349.42
4.875 133.49 163111.83 163111.83
4.875 46.66 156705.82 156705.82
4.875 70.85 86895.07 86895.07
4.875 97.84 58445.98 58445.98
4.875 137.06 55159.54 55159.54
4.878 109.05 480852.72 480852.72
4.878 8.08 412863.55 412863.55
4.878 133.11 351506.60 351506.60
4.878 23.49 217931.71 217931.71
4.878 57.10 212208.82 212208.82
4.878 76.07 186823.00 186823.00
4.878 64.86 171784.61 171784.61
4.878 70.21 166711.35 166711.35
4.878 73.27 149017.16 149017.16
4.878 97.46 147845.51 147845.51
4.878 81.29 147265.81 147265.81
4.878 21.83 130216.76 130216.76
4.878 91.98 124930.85 124930.85
4.878 115.41 121683.06 121683.06
4.878 31.89 97698.65 97698.65
4.878 134.89 96692.91 96692.91
4.878 80.14 56190.01 56190.01
4.878 54.42 44534.69 44534.69
4.878 102.55 44255.32 44255.32
4.878 9.23 43338.54 43338.54
4.881 29.60 266825.50 266825.50
4.881 125.47 220740.02 220740.02
4.881 93.26 203960.62 203960.62
4.881 10.50 202956.67 202956.67
4.881 130.56 183273.69 183273.69
4.881 95.93 170372.99 170372.99
4.881 72.25 110673.65 110673.65
4.881 33.16 104569.35 104569.35
4.881 28.71 104436.09 104436.09
4.881 43.47 104051.58 104051.58
4.881 107.39 100852.24 100852.24
4.881 19.67 59322.90 59322.90
4.881 40.93 58622.22 58622.22
4.885 129.93 261674.06 261674.06
4.885 94.91 150631.98 150631.98
4.885 110.96 145135.23 145135.23
4.885 105.74 97085.35 97085.35
4.885 54.17 91316.71 91316.71
4.885 62.45 89412.23 89412.23
4.885 129.03 78443.74 78443.74
4.885 47.80 74192.08 74192.08
4.885 8.97 66241.18 66241.18
4.885 113.37 43200.51 43200.51
4.885 136.42 36610.39 36610.39
4.888 108.28 172660.99 172660.99
4.888 91.98 141769.11 141769.11
4.888 93.00 124013.46 124013.46
4.888 134.38 114961.36 114961.36
4.888 20.94 81768.61 81768.61
4.888 136.04 76379.96 76379.96
4.888 45.64 73028.09 73028.09
4.888 63.85 45952.63 45952.63
4.891 94.02 107345.52 107345.52
4.891 114.14 103081.58 103081.58
4.891 6.93 96788.78 96788.78
4.891 67.67 82641.20 82641.20
4.891 64.86 81797.07 81797.07
4.891 132.85 62218.74 62218.74
4.891 66.65 61274.39 61274.39
4.891 43.98 60723.93 60723.93
4.891 70.98 56708.22 56708.22
4.891 70.47 54476.91 54476.91
4.891 135.02 44192.49 44192.49
4.891 45.13 37153.40 37153.40
4.894 30.74 136131.86 136131.86
4.894 112.61 95179.83 95179.83
4.894 29.60 94521.68 94521.68
4.894 106.88 80874.02 80874.02
4.894 96.06 80129.73 80129.73
4.894 128.02 78210.66 78210.66
4.894 88.67 76171.81 76171.81
4.894 111.85 75073.72 75073.72
4.894 22.72 69569.99 69569.99
4.894 68.56 57078.19 57078.19
4.894 110.19 38359.92 38359.92
4.898 97.46 81563.96 81563.96
4.898 85.24 72394.28 72394.28
4.898 102.68 61653.19 61653.19
4.898 47.80 51534.17 51534.17
4.898 9.86 39757.68 39757.68
4.901 10.50 36740.91 36740.91
4.904 91.09 114968.22 114968.22
4.904 27.94 76560.38 76560.38
4.904 67.67 73261.20 73261.20
4.904 7.06 61092.37 61092.37
4.904 68.81 58887.46 58887.46
4.904 8.08 57534.40 57534.40
4.904 70.72 51107.75 51107.75
4.904 60.41 49605.00 49605.00
4.907 61.43 83185.40 83185.40
4.907 62.57 58610.54 58610.54
4.907 13.55 50849.69 50849.69
4.907 72.25 45615.11 45615.11
4.907 136.16 43261.12 43261.12
4.907 73.27 38703.80 38703.80
4.911 23.49 123082.75 123082.75
4.911 69.07 74050.99 74050.99
4.911 132.85 64126.56 64126.56
4.911 70.47 60333.96 60333.96
4.911 108.41 53901.95 53901.95
4.911 107.01 53882.11 53882.11
4.914 27.05 166625.01 166625.01
4.914 25.52 149555.51 149555.51
4.914 91.48 134244.21 134244.21
4.914 110.83 107614.36 107614.36
4.914 130.56 105218.70 105218.70
4.914 22.59 90384.38 90384.38
4.914 114.14 89401.34 89401.34
4.914 112.48 80188.36 80188.36
4.914 24.89 78859.63 78859.63
4.914 109.55 78466.43 78466.43
4.914 131.84 76163.63 76163.63
4.914 111.85 75541.83 75541.83
4.914 113.25 59010.53 59010.53
4.914 63.85 58745.50 58745.50
4.914 102.81 53857.30 53857.30
4.914 115.28 52319.28 52319.28
4.914 128.14 49329.17 49329.17
4.914 45.77 37868.71 37868.71
4.917 93.64 166915.22 166915.22
4.917 129.80 101365.98 101365.98
4.917 92.62 89259.40 89259.40
4.917 94.91 83405.40 83405.40
4.917 66.65 79273.45 79273.45
4.917 28.71 73732.49 73732.49
4.917 64.86 72466.77 72466.77
4.917 42.20 69009.65 69009.65
4.917 8.21 62611.65 62611.65
4.917 32.53 57827.71 57827.71
4.917 44.11 56729.89 56729.89
4.917 67.79 53278.93 53278.93
4.917 43.47 44484.88 44484.88
4.917 125.98 39753.61 39753.61
4.921 23.87 176714.28 176714.28
4.921 30.74 106528.63 106528.63
4.921 134.38 73989.32 73989.32
4.921 105.35 72183.46 72183.46
4.921 29.60 52237.36 52237.36
4.921 69.32 46484.01 46484.01
4.924 96.31 126536.98 126536.98
4.924 6.93 58380.45 58380.45
4.927 9.86 84065.20 84065.20
4.927 110.96 67920.48 67920.48
4.927 109.94 62962.14 62962.14
4.927 29.47 47841.95 47841.95
4.927 8.84 44748.90 44748.90
4.927 128.02 39110.72 39110.72
4.927 97.46 38016.16 38016.16
4.927 108.54 37077.09 37077.09
4.930 95.29 116645.81 116645.81
4.930 85.24 81722.91 81722.91
4.930 70.72 72063.35 72063.35
4.930 113.37 68127.70 68127.70
4.930 46.02 51849.38 51849.38
4.930 114.39 35933.31 35933.31
4.934 27.05 138023.92 138023.92
4.934 25.52 135355.17 135355.17
4.934 112.36 116638.04 116638.04
4.934 106.88 77579.34 77579.34
4.934 129.80 73005.37 73005.37
4.934 67.54 69202.89 69202.89
4.934 28.71 63730.17 63730.17
4.934 6.93 63078.54 63078.54
4.934 27.94 55209.35 55209.35
4.934 8.08 46401.76 46401.76
4.934 128.91 41574.31 41574.31
4.934 32.65 40606.12 40606.12
4.934 65.12 35623.13 35623.13
4.934 69.45 34887.08 34887.08
4.934 75.05 34600.88 34600.88
4.937 66.65 66607.85 66607.85
4.937 132.85 49428.93 49428.93
4.940 131.84 78139.18 78139.18
4.940 114.01 73798.00 73798.00
4.940 130.69 63513.89 63513.89
4.940 94.02 61989.67 61989.67
4.940 61.68 55373.56 55373.56
4.940 31.38 49087.82 49087.82
4.940 128.02 41892.55 41892.55
4.940 92.75 41103.72 41103.72
4.940 69.07 38568.28 38568.28
4.944 22.72 91945.31 91945.31
4.944 96.31 86045.76 86045.76
4.944 91.86 78079.74 78079.74
4.944 108.66 69853.79 69853.79
4.944 9.10 65983.76 65983.76
4.944 110.96 59934.85 59934.85
4.944 110.32 56982.26 56982.26
4.944 30.36 49884.98 49884.98
4.944 42.20 48391.49 48391.49
4.944 71.99 45273.21 45273.21
4.944 76.07 43847.95 43847.95
4.947 27.05 104313.96 104313.96
4.947 97.46 96815.58 96815.58
4.947 47.80 81609.91 81609.91
4.947 29.47 75337.96 75337.96
4.947 43.47 65039.94 65039.94
4.947 44.49 61564.24 61564.24
4.947 91.09 56066.57 56066.57
4.947 105.35 52047.00 52047.00
4.947 62.57 44528.57 44528.57
4.947 9.73 39106.85 39106.85
4.950 23.61 109192.58 109192.58
4.950 27.81 65520.05 65520.05
4.950 30.62 50842.99 50842.99
4.950 64.86 50032.44 50032.44
4.950 134.38 49858.23 49858.23
4.950 115.28 47686.56 47686.56
4.950 70.72 47640.82 47640.82
4.950 6.93 40704.02 40704.02
4.950 32.27 36288.29 36288.29
4.950 113.25 35107.99 35107.99
4.953 114.39 88759.52 88759.52
4.953 19.67 73082.22 73082.22
4.953 24.76 66297.17 66297.17
4.953 128.02 43857.87 43857.87
4.957 93.38 124237.13 124237.13
4.957 9.86 77044.33 77044.33
4.957 129.80 76743.49 76743.49
4.957 132.73 58973.10 58973.10
4.957 94.15 52888.72 52888.72
4.957 95.42 48178.26 48178.26
4.957 28.71 44715.65 44715.65
4.957 68.43 43092.57 43092.57
4.957 63.59 39852.38 39852.38
4.957 128.91 36384.28 36384.28
4.957 87.40 35384.94 35384.94
4.960 109.81 78488.34 78488.34
4.960 112.48 69234.29 69234.29
4.960 130.69 49057.85 49057.85
4.963 25.65 104435.80 104435.80
4.963 91.98 88524.89 88524.89
4.963 110.96 81045.24 81045.24
4.963 27.05 76651.73 76651.73
4.963 27.94 67484.39 67484.39
4.963 85.11 53025.79 53025.79
4.963 102.81 50210.31 50210.31
4.963 6.93 46677.81 46677.81
4.963 97.71 41171.99 41171.99
4.967 23.74 97040.53 97040.53
4.967 26.54 75992.02 75992.02
4.967 67.41 46826.77 46826.77
4.967 30.49 46060.27 46060.27
4.967 92.62 41679.38 41679.38
4.967 65.63 34824.34 34824.34
4.970 105.61 75864.97 75864.97
4.970 130.69 72514.01 72514.01
4.970 22.72 46795.91 46795.91
4.970 132.73 46453.04 46453.04
4.970 113.37 42646.74 42646.74
4.970 128.02 42209.67 42209.67
4.970 29.34 40418.08 40418.08
4.970 115.28 35612.77 35612.77
4.973 129.80 96255.32 96255.32
4.973 24.89 64572.13 64572.13
4.973 106.88 64034.87 64034.87
4.973 71.87 36175.29 36175.29
4.976 95.42 100959.28 100959.28
4.976 85.36 47515.45 47515.45
4.976 70.59 45731.06 45731.06
4.976 93.64 45062.74 45062.74
4.976 6.93 34517.52 34517.52
4.980 25.65 119959.55 119959.55
4.980 27.05 100265.19 100265.19
4.980 75.05 80220.06 80220.06
4.980 66.52 80076.65 80076.65
4.980 27.94 54676.61 54676.61
4.980 28.71 53319.86 53319.86
4.980 32.40 43711.63 43711.63
4.980 94.02 43571.12 43571.12
4.983 23.99 74625.71 74625.71
4.983 10.12 69078.87 69078.87
4.983 30.62 48353.54 48353.54
4.983 112.48 47056.90 47056.90
4.983 128.14 45120.25 45120.25
4.983 68.94 45002.97 45002.97
4.983 92.88 44484.18 44484.18
4.983 113.50 43640.63 43640.63
4.983 63.46 43383.64 43383.64
4.983 107.01 42444.66 42444.66
4.983 107.90 41471.39 41471.39
4.983 31.51 41464.04 41464.04
4.986 110.96 76131.17 76131.17
4.986 67.67 72615.32 72615.32
4.986 26.16 69992.84 69992.84
4.986 29.47 35229.60 35229.60
4.986 131.84 35226.13 35226.13
4.990 66.65 74598.87 74598.87
4.990 91.98 74377.11 74377.11
4.990 130.69 66884.22 66884.22
4.990 96.31 54886.71 54886.71
4.990 13.55 42459.33 42459.33
4.993 27.05 65034.60 65034.60
4.993 27.94 58063.26 58063.26
4.993 108.54 41588.34 41588.34
4.996 134.38 42392.02 42392.02
4.996 91.22 37465.98 37465.98
4.999 93.26 67914.03 67914.03
4.999 64.99 61741.24 61741.24
4.999 131.84 43582.93 43582.93
4.999 132.73 42485.79 42485.79
4.999 114.01 42419.20 42419.20
4.999 128.78 34907.33 34907.33
5.003 95.55 40726.23 40726.23
5.003 24.89 36930.41 36930.41
5.006 93.64 73303.15 73303.15
5.006 27.05 69793.89 69793.89
5.006 25.52 65041.07 65041.07
5.006 110.83 62724.37 62724.37
5.006 23.87 57194.32 57194.32
5.006 26.41 56104.38 56104.38
5.006 92.49 53568.66 53568.66
5.006 28.71 45629.93 45629.93
5.006 32.40 44592.30 44592.30
5.006 27.94 43675.02 43675.02
5.006 67.92 43041.13 43041.13
5.006 97.59 40564.55 40564.55
5.006 91.98 39160.54 39160.54
5.009 29.60 36466.95 36466.95
5.013 105.61 59921.18 59921.18
5.013 129.80 56238.39 56238.39
5.013 68.94 51124.42 51124.42
5.016 95.80 71641.94 71641.94
5.016 130.82 39727.67 39727.67
5.016 128.14 39412.56 39412.56
5.016 132.73 38244.43 38244.43
5.016 66.52 37904.78 37904.78
5.016 128.91 35504.67 35504.67
5.019 92.75 57413.33 57413.33
5.019 24.89 51813.66 51813.66
5.019 7.82 47681.90 47681.90
5.019 30.36 44911.97 44911.97
5.019 105.48 41964.63 41964.63
5.019 29.47 36542.28 36542.28
5.019 113.37 35243.25 35243.25
5.019 43.47 34623.49 34623.49
5.022 25.65 80395.89 80395.89
5.022 26.92 71607.98 71607.98
5.022 23.99 65213.53 65213.53
5.022 96.31 55782.32 55782.32
5.022 22.72 46895.33 46895.33
5.022 27.94 43506.71 43506.71
5.022 85.24 43011.71 43011.71
5.022 28.83 41560.80 41560.80
5.022 106.75 40719.73 40719.73
5.022 91.86 37699.37 37699.37
5.026 95.42 44974.83 44974.83
5.029 67.67 62779.85 62779.85
5.029 94.02 62003.67 62003.67
5.029 110.96 53588.40 53588.40
5.029 112.36 49107.11 49107.11
5.032 134.26 45810.01 45810.01
5.036 25.78 72192.53 72192.53
5.036 130.69 57227.01 57227.01
5.036 132.73 48278.97 48278.97
5.036 91.86 44243.47 44243.47
5.036 66.52 41604.33 41604.33
5.036 131.71 34904.28 34904.28
5.039 129.80 61236.28 61236.28
5.039 95.17 44117.59 44117.59
5.039 97.33 39329.32 39329.32
5.039 109.94 38646.62 38646.62
5.042 105.61 41929.25 41929.25
5.042 108.54 37658.41 37658.41
5.042 32.27 34937.05 34937.05
5.045 27.05 69618.04 69618.04
5.045 23.87 57472.76 57472.76
5.045 112.48 49182.05 49182.05
5.045 92.62 37589.22 37589.22
5.049 111.08 56926.99 56926.99
5.049 22.72 46007.41 46007.41
5.049 97.33 36826.80 36826.80
5.052 26.29 46624.06 46624.06
5.052 27.94 41454.73 41454.73
5.052 96.31 41361.91 41361.91
5.052 114.39 40283.85 40283.85
5.052 93.38 36272.01 36272.01
5.055 64.99 41567.11 41567.11
5.055 111.59 41434.05 41434.05
5.055 7.82 38885.75 38885.75
5.059 112.48 41954.29 41954.29
5.059 95.55 38887.38 38887.38
5.059 19.67 37090.23 37090.23
5.059 131.71 36705.33 36705.33
5.062 25.27 59614.06 59614.06
5.062 94.02 47424.61 47424.61
5.062 68.43 43223.78 43223.78
5.062 115.28 42685.19 42685.19
5.062 128.91 42252.04 42252.04
5.062 31.38 38212.06 38212.06
5.065 132.73 69646.44 69646.44
5.065 24.12 57259.22 57259.22
5.065 106.63 38191.44 38191.44
5.065 27.81 36859.00 36859.00
5.068 93.38 75470.64 75470.64
5.068 23.49 48211.21 48211.21
5.068 111.08 44654.52 44654.52
5.068 67.28 41100.45 41100.45
5.072 27.05 77794.30 77794.30
5.072 129.93 76777.04 76777.04
5.072 97.59 69911.04 69911.04
5.072 91.60 51606.37 51606.37
5.075 110.19 43921.23 43921.23
5.075 113.37 37422.16 37422.16
5.078 25.52 74480.31 74480.31
5.078 129.80 57613.65 57613.65
5.078 91.86 54549.70 54549.70
5.078 95.17 46917.32 46917.32
5.078 70.72 40827.26 40827.26
5.078 128.02 37847.86 37847.86
5.078 112.48 35512.15 35512.15
5.081 66.52 55481.41 55481.41
5.081 7.70 43175.23 43175.23
5.081 130.56 40988.44 40988.44
5.081 134.26 39363.78 39363.78
5.085 95.42 70573.59 70573.59
5.085 9.99 44944.81 44944.81
5.088 31.51 41329.67 41329.67
5.091 24.12 53482.63 53482.63
5.091 110.96 52533.81 52533.81
5.091 94.15 41815.28 41815.28
5.095 27.05 48538.92 48538.92
5.095 23.49 36201.40 36201.40
5.095 91.86 36025.22 36025.22
5.098 130.05 40303.95 40303.95
5.098 112.48 39053.29 39053.29
5.101 25.52 56818.45 56818.45
5.101 26.16 37156.13 37156.13
5.104 93.38 65773.29 65773.29
5.108 97.59 43479.85 43479.85
5.111 113.37 38918.02 38918.02
5.114 26.29 44850.00 44850.00
5.114 112.10 39283.29 39283.29
5.114 85.24 37851.02 37851.02
5.118 27.05 55389.50 55389.50
5.118 23.99 40498.86 40498.86
5.118 24.89 37480.15 37480.15
5.121 25.65 59269.92 59269.92
5.124 110.83 34825.47 34825.47
5.127 112.36 41672.12 41672.12
5.131 91.86 42500.24 42500.24
5.131 24.89 38411.41 38411.41
5.134 131.71 47260.09 47260.09
5.134 95.42 42770.83 42770.83
5.137 129.93 48423.19 48423.19
5.137 95.80 46046.20 46046.20
5.137 93.38 39458.72 39458.72
5.141 27.05 51399.81 51399.81
5.144 113.37 40591.38 40591.38
5.144 93.64 39650.34 39650.34
5.147 25.27 47060.53 47060.53
5.150 24.12 47853.10 47853.10
5.150 94.02 40402.58 40402.58
5.150 23.49 36329.00 36329.00
5.157 95.42 39359.88 39359.88
5.157 110.96 35476.80 35476.80
5.157 63.59 34546.30 34546.30
5.160 130.05 35651.54 35651.54
5.167 25.52 64142.10 64142.10
5.167 66.52 43125.80 43125.80
5.167 112.36 40277.98 40277.98
5.170 96.31 47952.44 47952.44
5.170 26.16 44797.92 44797.92
5.170 91.86 41858.84 41858.84
5.173 23.87 49688.91 49688.91
5.177 10.24 37084.77 37084.77
5.180 26.92 57081.03 57081.03
5.180 26.29 42447.05 42447.05
5.180 134.26 39998.11 39998.11
5.190 25.52 49245.88 49245.88
5.193 110.96 37831.23 37831.23
5.196 96.95 107299.83 107299.83
5.200 23.61 38276.56 38276.56
5.200 27.05 36156.49 36156.49
5.203 110.32 42584.99 42584.99
5.203 112.48 38443.10 38443.10
5.203 26.29 35791.48 35791.48
5.206 23.87 45086.24 45086.24
5.206 27.94 37847.96 37847.96
5.210 25.52 49317.59 49317.59
5.210 91.86 38794.74 38794.74
5.210 130.69 38579.86 38579.86
5.210 128.27 34760.56 34760.56
5.216 69.32 34927.43 34927.43
5.219 67.67 38915.83 38915.83
5.219 93.38 37945.53 37945.53
5.223 70.59 43614.94 43614.94
5.223 97.46 41261.26 41261.26
5.226 95.17 102418.80 102418.80
5.229 26.29 48591.06 48591.06
5.229 27.05 44883.84 44883.84
5.229 112.36 37333.91 37333.91
5.233 91.98 37431.12 37431.12
5.236 23.99 39011.18 39011.18
5.236 25.14 37042.92 37042.92
5.242 25.90 46287.33 46287.33
5.249 94.91 6412591.00 6412591.00
5.249 95.93 214096.92 214096.92
5.249 96.70 109246.08 109246.08
5.252 93.89 89221.75 89221.75
5.252 74.29 71478.51 71478.51
5.252 97.46 52419.07 52419.07
5.252 98.86 40514.30 40514.30
5.255 93.13 56775.02 56775.02
5.255 91.86 42955.08 42955.08
5.262 130.69 35840.77 35840.77
5.269 27.05 40854.19 40854.19
5.275 98.73 112480.60 112480.60
5.278 130.69 67979.39 67979.39
5.278 25.40 40550.47 40550.47
5.282 95.55 39803.32 39803.32
5.295 25.40 35054.96 35054.96
5.301 91.86 35189.67 35189.67
5.308 25.40 38668.29 38668.29
5.311 23.36 39063.18 39063.18
5.315 26.29 35510.46 35510.46
5.318 25.65 45400.62 45400.62
5.331 27.05 35935.09 35935.09
5.341 25.27 48950.63 48950.63
5.384 25.52 45391.52 45391.52
5.384 23.99 36400.57 36400.57
5.387 27.05 37093.27 37093.27
5.416 95.17 50099.47 50099.47
5.416 25.52 37390.53 37390.53
5.420 110.83 35627.29 35627.29
5.429 95.17 67123.02 67123.02
5.449 25.65 35247.20 35247.20
5.452 91.98 44007.70 44007.70
5.466 27.05 38337.07 38337.07
5.466 129.80 38133.54 38133.54
5.508 25.27 42913.92 42913.92
5.584 92.88 42574.48 42574.48
5.620 25.78 37978.35 37978.35
5.682 23.99 34706.76 34706.76
5.758 25.65 36459.99 36459.99
5.863 94.91 77920.64 77920.64
6.493 95.04 35912.31 35912.31
6.903 118.85 119334.59 119334.59
7.071 119.87 74833.85 74833.85
7.196 133.62 68491.15 68491.15
7.242 123.94 1390248.13 1390248.13
7.242 124.96 84219.53 84219.53
7.334 128.14 54104.71 54104.71
7.337 132.22 66477.53 66477.53
7.435 131.96 47588.12 47588.12
7.550 114.90 58055.28 58055.28
8.043 138.33 322153.47 322153.47
