0.811 16.36 90058.18 90058.18
0.837 23.11 678321.25 678321.25
0.841 22.09 40497.48 40497.48
0.893 23.23 653380.25 653380.25
0.893 22.21 36202.38 36202.38
0.916 24.38 85979.58 85979.58
0.916 13.81 64754.01 64754.01
0.933 23.61 248194.94 248194.94
0.946 24.63 293248.88 293248.88
0.965 23.49 85055.44 85055.44
0.969 19.29 421520.81 421520.81
0.985 17.38 98142.76 98142.76
1.011 24.89 218869.55 218869.55
1.021 20.69 401805.66 401805.66
1.123 20.69 496828.56 496828.56
1.176 32.40 39986.48 39986.48
1.179 20.69 123032.52 123032.52
1.185 34.44 49335.46 49335.46
1.192 17.89 52493.74 52493.74
1.195 32.27 137741.74 137741.74
1.218 25.27 37530.72 37530.72
1.231 32.27 48870.95 48870.95
1.231 25.27 34558.57 34558.57
1.281 31.89 42086.07 42086.07
1.284 22.85 42843.74 42843.74
1.310 21.83 351721.14 351721.14
1.313 22.85 3943804.00 3943804.00
1.313 71.23 383706.44 383706.44
1.313 21.07 125293.05 125293.05
1.313 20.43 76341.82 76341.82
1.313 18.27 52174.45 52174.45
1.313 19.67 48186.92 48186.92
1.313 17.50 42544.03 42544.03
1.313 18.90 39751.30 39751.30
1.317 139.60 41365.00 41365.00
1.425 24.00 60815.59 60815.59
1.461 18.90 759704.63 759704.63
1.461 53.28 83948.52 83948.52
1.461 17.89 50498.32 50498.32
1.487 24.12 64540.78 64540.78
1.527 28.45 237878.38 237878.38
1.556 27.94 243797.98 243797.98
1.563 26.93 52507.87 52507.87
1.606 26.80 213539.31 213539.31
1.668 42.46 99922.15 99922.15
1.694 26.67 66775.75 66775.75
1.707 29.09 164482.58 164482.58
1.714 42.46 95726.34 95726.34
1.724 42.59 52684.45 52684.45
1.793 23.23 820056.31 820056.31
1.793 22.21 51815.66 51815.66
1.819 23.23 898007.25 898007.25
1.819 22.21 53047.38 53047.38
1.868 32.65 76244.36 76244.36
1.881 30.36 35437.60 35437.60
1.885 32.65 114734.99 114734.99
1.898 32.65 72289.96 72289.96
1.901 25.91 171630.61 171630.61
1.901 30.36 62912.81 62912.81
1.921 30.24 66757.34 66757.34
1.954 29.73 38756.89 38756.89
1.960 38.51 77240.26 77240.26
1.973 26.42 54435.92 54435.92
1.977 29.73 42406.94 42406.94
1.990 26.42 52058.77 52058.77
2.046 31.64 60459.00 60459.00
2.055 48.19 84816.47 84816.47
2.098 29.09 191464.65 191464.65
2.118 25.52 37702.15 37702.15
2.121 29.09 237648.30 237648.30
2.147 25.52 42750.67 42750.67
2.164 25.52 41168.18 41168.18
2.177 39.91 815161.63 815161.63
2.180 25.52 66286.25 66286.25
2.180 38.77 41714.32 41714.32
2.200 25.52 94709.70 94709.70
2.213 26.42 35672.40 35672.40
2.216 25.65 106337.70 106337.70
2.229 27.82 78144.09 78144.09
2.229 28.45 46510.43 46510.43
2.229 30.62 43523.64 43523.64
2.229 29.22 43220.86 43220.86
2.229 139.60 36914.59 36914.59
2.233 25.65 1063871.75 1063871.75
2.233 26.42 162521.51 162521.51
2.233 27.05 137489.12 137489.12
2.233 31.76 86779.92 86779.92
2.233 114.14 59429.58 59429.58
2.233 35.71 45966.71 45966.71
2.233 32.78 39992.08 39992.08
2.233 40.04 39793.22 39793.22
2.233 36.47 38702.01 38702.01
2.233 34.31 35776.62 35776.62
2.233 38.00 34508.41 34508.41
2.236 39.02 45991.93 45991.93
2.236 51.12 45065.63 45065.63
2.236 52.01 41896.67 41896.67
2.236 108.92 34756.01 34756.01
2.239 4.26 43499.56 43499.56
2.239 107.90 35085.24 35085.24
2.243 8.08 85130.87 85130.87
2.243 57.36 76246.83 76246.83
2.243 109.18 68632.19 68632.19
2.243 7.19 66172.60 66172.60
2.243 55.06 62883.45 62883.45
2.243 51.37 51939.50 51939.50
2.243 52.26 50701.51 50701.51
2.243 113.76 48553.50 48553.50
2.243 5.03 45730.46 45730.46
2.243 122.42 45192.47 45192.47
2.243 63.85 42016.55 42016.55
2.243 86.26 37580.09 37580.09
2.243 138.46 36150.80 36150.80
2.246 24.89 66894388.00 66894388.00
2.246 23.87 3642605.43 3642605.43
2.246 15.21 292994.78 292994.78
2.246 139.73 217507.25 217507.25
2.246 13.05 171295.75 171295.75
2.246 10.88 156706.41 156706.41
2.246 8.59 140561.34 140561.34
2.246 11.65 134566.87 134566.87
2.246 10.12 100878.31 100878.31
2.246 79.76 79357.74 79357.74
2.246 119.87 67003.08 67003.08
2.246 53.03 63332.87 63332.87
2.246 68.18 62811.18 62811.18
2.246 125.34 55693.64 55693.64
2.246 58.88 53995.10 53995.10
2.246 55.83 49332.02 49332.02
2.249 23.23 1824530.06 1824530.06
2.249 22.47 1043709.86 1043709.86
2.249 21.71 725176.26 725176.26
2.249 21.07 635861.72 635861.72
2.249 20.30 445772.52 445772.52
2.249 19.54 368414.74 368414.74
2.249 18.90 324818.95 324818.95
2.249 18.14 277912.23 277912.23
2.249 15.98 277181.26 277181.26
2.249 13.81 271186.80 271186.80
2.249 17.38 233391.57 233391.57
2.249 16.74 206655.63 206655.63
2.249 14.45 203796.36 203796.36
2.249 12.28 155856.09 155856.09
2.249 9.35 117532.14 117532.14
2.249 86.51 88775.06 88775.06
2.249 125.98 84678.80 84678.80
2.249 57.99 78184.86 78184.86
2.249 123.94 70970.01 70970.01
2.249 90.84 60732.21 60732.21
2.249 80.66 58240.71 58240.71
2.249 65.38 55896.26 55896.26
2.249 127.51 51585.73 51585.73
2.249 74.16 47128.79 47128.79
2.249 123.05 47013.78 47013.78
2.249 82.06 44027.47 44027.47
2.249 84.35 42089.31 42089.31
2.249 90.20 39624.84 39624.84
2.249 131.07 37958.48 37958.48
2.249 71.36 36981.55 36981.55
2.252 118.72 63875.98 63875.98
2.252 59.52 61658.17 61658.17
2.252 128.91 52443.43 52443.43
2.252 126.75 51411.39 51411.39
2.252 53.54 47042.74 47042.74
2.252 70.47 38924.73 38924.73
2.252 64.36 37707.54 37707.54
2.256 119.36 85345.91 85345.91
2.256 124.58 84214.19 84214.19
2.256 115.80 57653.58 57653.58
2.256 82.44 56543.80 56543.80
2.256 127.89 42660.12 42660.12
2.259 0.32 165813.53 165813.53
2.259 115.16 106567.27 106567.27
2.259 131.58 72124.97 72124.97
2.259 116.43 55167.53 55167.53
2.259 129.16 34546.45 34546.45
2.262 31.76 183108.31 183108.31
2.262 26.80 47941.55 47941.55
2.262 82.69 43104.58 43104.58
2.262 30.36 40614.51 40614.51
2.266 26.16 60529.92 60529.92
2.275 26.03 75288.59 75288.59
2.275 26.80 42982.58 42982.58
2.275 115.03 37088.95 37088.95
2.282 25.02 566512.67 566512.67
2.295 24.89 570706.91 570706.91
2.311 24.89 223232.72 223232.72
2.311 139.48 53541.17 53541.17
2.325 24.89 211520.84 211520.84
2.328 36.09 73257.62 73257.62
2.334 31.64 88639.11 88639.11
2.338 25.02 286206.44 286206.44
2.338 48.32 38740.76 38740.76
2.354 24.89 253646.40 253646.40
2.367 25.02 216615.74 216615.74
2.367 48.32 37805.59 37805.59
2.384 25.02 205393.32 205393.32
2.384 32.27 116879.53 116879.53
2.390 48.32 44453.31 44453.31
2.397 25.02 155368.34 155368.34
2.413 24.89 161261.61 161261.61
2.420 45.64 102503.96 102503.96
2.423 36.35 374036.09 374036.09
2.426 25.02 132848.74 132848.74
2.433 48.32 66651.43 66651.43
2.436 33.55 474439.51 474439.51
2.439 25.02 137874.86 137874.86
2.449 48.19 71780.44 71780.44
2.456 25.02 134879.56 134879.56
2.469 25.02 117663.06 117663.06
2.485 25.02 122009.21 122009.21
2.495 48.19 7320724.18 7320724.18
2.495 47.17 368047.81 368047.81
2.495 46.41 147536.88 147536.88
2.495 45.77 90057.18 90057.18
2.495 44.24 54981.19 54981.19
2.495 77.98 46079.99 46079.99
2.499 25.02 87079.74 87079.74
2.499 45.00 68044.17 68044.17
2.499 42.84 46396.65 46396.65
2.499 43.60 44529.46 44529.46
2.515 48.19 9089319.66 9089319.66
2.515 47.17 450149.03 450149.03
2.515 24.89 90357.14 90357.14
2.515 78.11 47229.44 47229.44
2.515 139.35 44123.40 44123.40
2.518 46.41 168567.91 168567.91
2.518 45.77 102255.57 102255.57
2.518 45.00 84558.88 84558.88
2.518 44.24 66874.22 66874.22
2.518 42.08 43296.38 43296.38
2.518 43.60 38947.68 38947.68
2.518 41.44 35815.67 35815.67
2.528 25.02 100014.42 100014.42
2.545 25.02 100407.69 100407.69
2.558 25.02 91926.28 91926.28
2.574 25.02 75456.04 75456.04
2.587 25.02 92191.80 92191.80
2.597 50.86 68748.12 68748.12
2.604 25.02 66221.91 66221.91
2.604 48.32 35230.44 35230.44
2.617 25.02 84606.55 84606.55
2.623 76.96 49879.42 49879.42
2.627 31.38 44264.01 44264.01
2.630 25.02 64093.72 64093.72
2.646 25.02 58937.98 58937.98
2.650 48.19 8769652.13 8769652.13
2.650 47.17 430827.04 430827.04
2.650 46.41 174555.60 174555.60
2.650 45.77 113229.88 113229.88
2.650 139.48 37390.96 37390.96
2.650 40.68 35137.43 35137.43
2.653 44.24 83540.38 83540.38
2.653 45.00 82567.40 82567.40
2.653 43.60 69413.77 69413.77
2.653 42.84 56753.21 56753.21
2.653 41.31 47839.00 47839.00
2.653 39.91 45087.75 45087.75
2.653 39.15 36848.48 36848.48
2.656 91.35 51210.46 51210.46
2.659 25.02 58600.46 58600.46
2.663 16.36 178282.39 178282.39
2.669 48.19 7337864.19 7337864.19
2.669 47.17 361602.34 361602.34
2.673 46.41 153716.05 153716.05
2.673 45.77 81248.21 81248.21
2.673 45.00 78134.28 78134.28
2.673 44.24 51034.15 51034.15
2.673 42.84 42586.83 42586.83
2.673 43.60 39432.33 39432.33
2.676 24.89 54215.43 54215.43
2.689 25.02 55841.48 55841.48
2.705 24.89 64019.32 64019.32
2.709 28.07 36886.55 36886.55
2.719 24.89 59299.18 59299.18
2.735 24.89 55201.40 55201.40
2.748 25.02 61406.03 61406.03
2.764 25.02 53395.45 53395.45
2.778 24.89 59840.01 59840.01
2.791 25.02 49246.14 49246.14
2.807 24.89 52408.61 52408.61
2.820 25.02 46768.64 46768.64
2.837 24.89 83442.29 83442.29
2.853 24.89 159294.00 159294.00
2.883 78.49 58260.65 58260.65
2.899 56.97 47245.48 47245.48
2.909 37.75 55123.99 55123.99
2.932 37.75 45130.14 45130.14
3.014 41.95 336161.79 336161.79
3.014 39.78 75751.02 75751.02
3.021 38.38 52670.15 52670.15
3.024 32.91 139191.92 139191.92
3.024 39.40 55504.02 55504.02
3.027 25.02 44038.57 44038.57
3.040 38.26 52731.60 52731.60
3.044 41.69 153363.92 153363.92
3.086 48.57 116969.24 116969.24
3.096 75.56 40367.38 40367.38
3.112 39.15 63092.59 63092.59
3.145 47.30 101122.53 101122.53
3.162 38.26 96379.42 96379.42
3.181 56.59 1009955.47 1009955.47
3.181 38.26 46409.37 46409.37
3.185 55.57 41109.97 41109.97
3.198 30.87 57477.67 57477.67
3.201 76.96 75772.42 75772.42
3.208 56.72 1132724.26 1132724.26
3.208 55.70 37865.60 37865.60
3.227 43.22 148086.39 148086.39
3.227 39.28 35327.64 35327.64
3.231 56.72 76768.23 76768.23
3.234 76.96 6875560.50 6875560.50
3.237 78.62 652346.74 652346.74
3.237 75.82 180863.30 180863.30
3.237 98.61 103920.84 103920.84
3.237 75.18 69124.62 69124.62
3.241 74.42 45252.34 45252.34
3.241 71.49 39832.66 39832.66
3.241 73.78 36119.36 36119.36
3.244 50.48 96315.59 96315.59
3.247 56.08 579703.75 579703.75
3.250 76.96 832307.25 832307.25
3.250 39.15 60015.66 60015.66
3.250 54.94 39359.03 39359.03
3.250 77.98 34717.42 34717.42
3.257 139.48 43226.22 43226.22
3.260 71.49 127255.01 127255.01
3.260 48.19 70143.94 70143.94
3.270 77.09 60432.79 60432.79
3.270 39.15 46885.28 46885.28
3.273 63.47 71771.80 71771.80
3.273 55.70 36078.47 36078.47
3.280 54.81 132278.75 132278.75
3.283 77.09 44811.49 44811.49
3.303 139.48 41357.12 41357.12
3.326 48.95 153429.22 153429.22
3.339 82.95 351559.13 351559.13
3.342 51.75 1054908.63 1054908.63
3.342 72.51 358109.63 358109.63
3.342 80.27 49432.08 49432.08
3.355 72.38 100066.21 100066.21
3.369 70.72 1295217.00 1295217.00
3.372 72.38 97759.73 97759.73
3.385 70.21 653051.94 653051.94
3.385 82.69 58629.34 58629.34
3.388 71.23 109793.84 109793.84
3.395 98.73 45358.62 45358.62
3.398 72.38 7847897.17 7847897.17
3.398 78.49 1501417.00 1501417.00
3.398 38.26 89244.19 89244.19
3.401 74.16 216005.80 216005.80
3.401 71.23 183445.40 183445.40
3.401 48.95 157083.71 157083.71
3.408 75.56 146836.22 146836.22
3.408 70.60 85793.94 85793.94
3.408 69.83 45113.50 45113.50
3.408 68.43 35944.87 35944.87
3.411 69.32 53445.16 53445.16
3.415 120.89 35826.24 35826.24
3.428 69.32 266151.56 266151.56
3.431 80.27 212751.95 212751.95
3.431 139.48 40049.50 40049.50
3.437 69.32 115697.71 115697.71
3.447 79.64 114424.14 114424.14
3.451 78.62 4427437.36 4427437.36
3.451 63.47 146156.44 146156.44
3.454 72.25 1104131.50 1104131.50
3.454 80.40 46877.24 46877.24
3.464 79.64 89974.30 89974.30
3.467 78.62 3134520.33 3134520.33
3.467 63.47 56736.04 56736.04
3.470 80.27 37176.16 37176.16
3.483 78.49 5338958.00 5338958.00
3.483 76.84 591278.94 591278.94
3.483 24.89 266420.13 266420.13
3.483 77.34 99857.03 99857.03
3.487 72.25 509695.67 509695.67
3.490 80.27 51750.09 51750.09
3.490 75.94 46710.81 46710.81
3.493 74.42 54855.52 54855.52
3.493 139.48 39950.59 39950.59
3.503 78.49 238677.04 238677.04
3.516 74.16 1118155.43 1118155.43
3.520 78.49 63945.45 63945.45
3.520 73.14 51138.95 51138.95
3.526 69.45 232630.95 232630.95
3.526 72.38 43726.78 43726.78
3.529 74.16 4296548.50 4296548.50
3.533 75.43 684223.06 684223.06
3.536 73.14 106459.22 106459.22
3.536 65.25 53031.23 53031.23
3.539 74.16 2023399.30 2023399.30
3.539 66.65 62784.42 62784.42
3.539 72.38 62755.34 62755.34
3.543 69.32 219140.98 219140.98
3.549 44.37 592827.19 592827.19
3.549 65.38 143607.44 143607.44
3.549 74.93 37016.00 37016.00
3.556 66.65 79572.42 79572.42
3.559 74.67 72051.36 72051.36
3.572 63.21 494719.67 494719.67
3.579 72.12 200775.99 200775.99
3.579 65.38 100663.28 100663.28
3.582 74.80 51855.19 51855.19
3.592 75.05 51371.58 51371.58
3.598 63.21 824885.63 824885.63
3.598 65.50 36206.43 36206.43
3.605 75.05 85796.60 85796.60
3.618 139.48 35786.62 35786.62
3.621 120.63 34978.87 34978.87
3.625 75.05 74655.14 74655.14
3.628 68.56 120492.19 120492.19
3.628 65.38 64135.29 64135.29
3.628 122.29 36830.76 36830.76
3.634 74.54 71584.57 71584.57
3.634 63.59 54032.03 54032.03
3.634 75.56 39439.42 39439.42
3.634 64.36 38518.52 38518.52
3.638 74.93 114748.64 114748.64
3.644 65.38 192225.27 192225.27
3.648 75.56 46203.89 46203.89
3.648 64.23 38113.50 38113.50
3.651 69.58 56923.37 56923.37
3.657 62.32 248423.75 248423.75
3.657 68.56 58854.48 58854.48
3.661 139.48 38111.24 38111.24
3.664 63.59 167835.09 167835.09
3.664 75.56 128762.10 128762.10
3.671 65.50 79271.68 79271.68
3.674 74.67 36007.73 36007.73
3.677 63.59 250606.45 250606.45
3.684 65.89 93072.59 93072.59
3.687 75.56 1248474.34 1248474.34
3.687 73.14 38753.33 38753.33
3.694 72.38 281843.08 281843.08
3.694 66.65 59242.01 59242.01
3.700 75.43 3571065.42 3571065.42
3.700 63.47 1913898.19 1913898.19
3.700 74.29 425896.64 425896.64
3.700 66.01 100810.69 100810.69
3.700 139.48 36975.36 36975.36
3.703 78.62 164610.47 164610.47
3.703 62.45 117520.24 117520.24
3.703 58.76 59705.03 59705.03
3.703 61.68 42106.16 42106.16
3.710 72.38 183579.36 183579.36
3.710 66.65 73770.00 73770.00
3.717 75.43 611039.66 611039.66
3.720 63.47 3457222.15 3457222.15
3.720 56.21 312140.88 312140.88
3.720 62.45 113115.96 113115.96
3.723 78.62 219112.95 219112.95
3.723 61.68 39688.17 39688.17
3.740 75.43 61017.76 61017.76
3.743 63.34 657253.86 657253.86
3.746 74.03 95056.92 95056.92
3.746 62.32 36104.14 36104.14
3.749 57.10 1564224.13 1564224.13
3.749 72.38 73920.44 73920.44
3.753 75.31 87632.07 87632.07
3.756 63.34 2524140.50 2524140.50
3.756 55.95 60845.46 60845.46
3.756 139.48 44493.21 44493.21
3.759 62.32 81521.63 81521.63
3.759 72.38 53315.20 53315.20
3.762 74.03 273200.39 273200.39
3.766 75.18 70959.15 70959.15
3.772 53.28 659492.94 659492.94
3.772 70.21 74674.88 74674.88
3.776 74.80 161464.76 161464.76
3.779 139.48 35525.30 35525.30
3.782 72.12 41565.82 41565.82
3.789 70.34 114950.77 114950.77
3.789 74.93 80431.80 80431.80
3.795 63.34 100441.21 100441.21
3.795 139.48 38429.95 38429.95
3.805 73.02 92143.06 92143.06
3.805 65.12 91972.64 91972.64
3.812 74.03 3907784.75 3907784.75
3.812 75.18 191060.07 191060.07
3.812 139.48 39141.19 39141.19
3.815 72.38 405299.02 405299.02
3.815 83.33 48450.51 48450.51
3.815 49.84 35045.05 35045.05
3.818 63.34 2947631.15 2947631.15
3.818 62.32 111310.38 111310.38
3.822 61.56 41161.98 41161.98
3.825 65.12 95906.14 95906.14
3.825 73.02 71874.37 71874.37
3.828 59.14 269958.06 269958.06
3.835 74.93 53175.19 53175.19
3.835 79.89 44016.17 44016.17
3.838 63.34 1116701.67 1116701.67
3.838 56.72 67680.62 67680.62
3.838 76.84 64846.68 64846.68
3.838 62.32 42342.98 42342.98
3.841 139.48 42831.25 42831.25
3.848 74.93 121346.87 121346.87
3.854 63.59 203284.81 203284.81
3.861 74.93 76701.23 76701.23
3.861 72.25 48812.05 48812.05
3.861 139.35 48135.56 48135.56
3.868 70.72 397806.81 397806.81
3.874 63.47 4350218.78 4350218.78
3.874 62.45 156560.63 156560.63
3.874 61.68 52869.19 52869.19
3.877 72.38 155848.54 155848.54
3.877 83.84 55380.12 55380.12
3.877 120.76 38126.89 38126.89
3.877 61.05 34994.82 34994.82
3.881 70.72 74477.89 74477.89
3.881 74.80 71945.42 71945.42
3.881 139.48 45182.78 45182.78
3.887 68.81 134137.95 134137.95
3.891 63.47 3537619.46 3537619.46
3.891 62.45 130325.66 130325.66
3.891 73.40 59528.98 59528.98
3.894 61.68 54808.51 54808.51
3.897 72.51 717029.25 717029.25
3.904 73.40 100967.34 100967.34
3.914 139.48 48353.59 48353.59
3.917 56.46 204359.23 204359.23
3.917 35.97 41115.56 41115.56
3.920 58.88 261735.67 261735.67
3.923 73.40 177878.98 177878.98
3.927 72.12 179292.32 179292.32
3.927 138.33 42200.16 42200.16
3.933 139.48 49381.78 49381.78
3.933 120.89 35014.96 35014.96
3.936 62.96 70684.44 70684.44
3.940 74.03 76960.36 76960.36
3.950 139.48 54445.41 54445.41
3.953 71.49 88007.28 88007.28
3.959 57.61 195180.77 195180.77
3.963 63.08 84279.36 84279.36
3.966 35.71 34659.97 34659.97
3.969 71.62 139839.37 139839.37
3.969 54.17 104183.66 104183.66
3.969 75.56 60914.29 60914.29
3.973 139.48 52327.61 52327.61
3.973 82.56 35854.30 35854.30
3.976 58.88 178082.50 178082.50
3.976 83.33 34803.81 34803.81
3.989 71.87 385497.50 385497.50
3.989 76.20 82566.81 82566.81
3.996 66.14 95716.40 95716.40
3.996 139.48 68657.20 68657.20
4.009 71.87 57502.33 57502.33
4.012 75.18 86389.52 86389.52
4.015 66.14 64454.11 64454.11
4.015 139.48 50643.30 50643.30
4.015 123.44 41732.02 41732.02
4.019 120.89 36257.67 36257.67
4.019 120.00 35120.03 35120.03
4.025 98.61 110017.42 110017.42
4.032 71.74 156432.32 156432.32
4.032 139.48 42964.39 42964.39
4.038 76.71 38192.85 38192.85
4.038 40.29 37366.65 37366.65
4.038 38.38 35345.27 35345.27
4.038 120.76 34699.59 34699.59
4.042 59.14 263858.56 263858.56
4.042 57.86 166170.80 166170.80
4.045 119.74 45969.57 45969.57
4.045 139.48 44539.69 44539.69
4.051 56.21 131101.58 131101.58
4.051 71.74 44625.03 44625.03
4.055 74.93 120011.98 120011.98
4.065 139.48 72770.28 72770.28
4.065 78.75 58765.15 58765.15
4.065 138.33 37143.11 37143.11
4.065 120.76 36430.56 36430.56
4.068 68.05 101643.05 101643.05
4.087 139.48 54022.14 54022.14
4.087 120.89 41401.45 41401.45
4.087 38.00 40648.07 40648.07
4.094 121.91 35302.83 35302.83
4.097 78.24 79573.01 79573.01
4.097 120.76 42531.80 42531.80
4.101 77.22 66924.46 66924.46
4.104 71.23 3304920.25 3304920.25
4.104 72.25 50452.48 50452.48
4.107 139.48 84856.16 84856.16
4.107 22.85 71544.97 71544.97
4.107 83.07 50162.77 50162.77
4.117 63.98 376395.28 376395.28
4.120 120.89 44185.03 44185.03
4.127 82.56 34908.20 34908.20
4.130 63.98 83166.78 83166.78
4.130 73.02 68890.49 68890.49
4.133 74.29 39709.77 39709.77
4.137 139.48 68382.66 68382.66
4.137 138.59 34774.66 34774.66
4.143 120.63 42003.48 42003.48
4.143 38.13 36690.69 36690.69
4.160 123.44 35904.48 35904.48
4.163 61.05 181884.52 181884.52
4.163 73.02 56962.28 56962.28
4.163 138.71 36821.99 36821.99
4.166 139.48 84559.35 84559.35
4.166 119.74 43559.28 43559.28
4.166 120.89 43264.69 43264.69
4.166 121.78 35341.31 35341.31
4.179 123.56 40833.50 40833.50
4.189 139.48 68155.91 68155.91
4.189 37.87 35683.41 35683.41
4.193 35.97 38264.11 38264.11
4.202 120.89 50714.39 50714.39
4.206 139.48 67287.01 67287.01
4.206 79.00 49163.40 49163.40
4.212 138.46 42668.19 42668.19
4.212 120.63 36543.30 36543.30
4.225 79.51 41204.57 41204.57
4.229 120.89 44279.01 44279.01
4.232 49.84 38756.28 38756.28
4.232 123.69 35706.11 35706.11
4.235 139.48 69866.84 69866.84
4.239 68.81 270215.13 270215.13
4.242 77.47 45758.05 45758.05
4.245 18.01 39416.34 39416.34
4.248 38.13 39632.38 39632.38
4.252 139.48 70044.56 70044.56
4.252 120.76 64362.97 64362.97
4.252 18.27 38682.64 38682.64
4.252 39.28 38015.72 38015.72
4.255 122.67 42671.04 42671.04
4.255 118.09 35393.89 35393.89
4.261 62.07 103667.66 103667.66
4.265 139.48 77173.45 77173.45
4.271 39.40 41315.17 41315.17
4.275 37.87 36259.68 36259.68
4.275 40.29 35213.26 35213.26
4.278 139.48 73523.48 73523.48
4.278 121.78 39908.80 39908.80
4.278 118.21 37587.12 37587.12
4.281 120.76 90992.85 90992.85
4.281 40.42 49171.70 49171.70
4.281 35.84 39337.18 39337.18
4.281 100.26 36916.45 36916.45
4.284 18.90 35568.75 35568.75
4.288 38.89 52561.85 52561.85
4.288 88.80 37769.25 37769.25
4.294 139.48 77871.06 77871.06
4.294 39.15 45098.19 45098.19
4.294 121.78 43838.58 43838.58
4.298 62.19 79680.11 79680.11
4.298 138.59 47111.33 47111.33
4.298 123.05 38929.85 38929.85
4.301 38.13 42357.49 42357.49
4.304 121.65 44198.50 44198.50
4.304 35.97 35028.43 35028.43
4.307 38.38 42606.63 42606.63
4.311 119.74 34733.03 34733.03
4.314 120.89 58236.50 58236.50
4.314 34.82 37317.66 37317.66
4.317 139.48 106218.12 106218.12
4.317 138.59 56975.43 56975.43
4.317 121.78 43157.04 43157.04
4.321 122.54 37791.70 37791.70
4.324 123.44 38633.10 38633.10
4.324 51.24 34612.98 34612.98
4.330 18.14 42843.26 42843.26
4.330 122.54 34690.51 34690.51
4.334 39.15 51424.23 51424.23
4.334 79.00 34675.30 34675.30
4.337 35.71 39885.79 39885.79
4.337 38.26 38058.84 38058.84
4.337 40.42 35678.07 35678.07
4.340 120.89 59337.32 59337.32
4.344 88.17 39758.03 39758.03
4.350 40.29 40389.87 40389.87
4.353 39.28 34667.54 34667.54
4.357 139.48 106670.66 106670.66
4.357 121.78 55492.43 55492.43
4.357 123.31 41923.49 41923.49
4.357 117.20 41419.78 41419.78
4.357 37.75 37922.31 37922.31
4.357 49.97 35315.06 35315.06
4.360 120.76 58502.24 58502.24
4.360 138.71 45548.15 45548.15
4.360 34.69 34877.06 34877.06
4.363 51.24 52484.89 52484.89
4.367 38.51 43944.32 43944.32
4.367 35.97 37544.89 37544.89
4.370 1.59 36222.85 36222.85
4.370 116.43 35647.93 35647.93
4.373 120.89 56541.34 56541.34
4.373 138.59 54885.65 54885.65
4.373 137.44 50480.28 50480.28
4.373 122.42 49112.11 49112.11
4.373 117.96 36173.62 36173.62
4.376 119.62 37274.80 37274.80
4.380 35.84 39691.39 39691.39
4.383 39.28 50571.91 50571.91
4.386 138.71 59846.18 59846.18
4.386 123.44 46192.77 46192.77
4.386 40.42 45423.65 45423.65
4.386 49.97 35834.23 35834.23
4.390 139.48 122291.62 122291.62
4.390 120.89 58838.23 58838.23
4.390 122.54 44354.59 44354.59
4.390 120.25 40675.39 40675.39
4.390 121.78 35032.78 35032.78
4.399 82.82 48512.16 48512.16
4.403 120.76 63539.07 63539.07
4.403 122.67 44904.94 44904.94
4.406 139.48 125953.04 125953.04
4.406 138.71 64764.42 64764.42
4.406 138.20 52284.00 52284.00
4.406 123.31 42237.32 42237.32
4.412 39.15 56272.68 56272.68
4.412 122.42 51120.47 51120.47
4.412 121.78 49864.93 49864.93
4.412 38.26 49047.77 49047.77
4.412 40.29 44472.26 44472.26
4.412 48.57 35515.64 35515.64
4.412 17.89 34554.36 34554.36
4.416 120.76 49082.95 49082.95
4.416 49.97 37287.31 37287.31
4.419 74.16 42736.79 42736.79
4.419 118.09 42424.27 42424.27
4.419 108.92 39373.98 39373.98
4.426 139.48 88724.78 88724.78
4.426 1.33 60297.31 60297.31
4.426 4.26 44104.66 44104.66
4.429 35.71 47036.31 47036.31
4.429 100.26 43015.25 43015.25
4.429 119.23 40331.53 40331.53
4.429 120.12 36364.99 36364.99
4.432 138.59 66837.73 66837.73
4.432 120.76 56597.02 56597.02
4.432 122.67 46966.75 46966.75
4.432 39.28 43594.87 43594.87
4.432 123.44 43409.01 43409.01
4.432 117.32 39570.11 39570.11
4.432 17.89 36367.87 36367.87
4.432 82.82 36202.01 36202.01
4.435 1.84 56176.35 56176.35
4.435 49.97 55585.13 55585.13
4.435 79.64 41801.78 41801.78
4.439 139.48 124218.46 124218.46
4.439 40.42 65907.13 65907.13
4.439 38.00 63641.52 63641.52
4.439 34.69 62228.60 62228.60
4.439 86.13 35073.79 35073.79
4.442 18.01 72492.52 72492.52
4.442 103.70 40734.56 40734.56
4.442 2.86 38585.07 38585.07
4.442 16.74 34772.08 34772.08
4.445 120.76 88364.48 88364.48
4.445 122.16 65793.99 65793.99
4.445 123.69 58045.27 58045.27
4.445 62.07 44062.65 44062.65
4.445 83.71 41978.31 41978.31
4.449 117.96 67471.21 67471.21
4.449 35.84 45201.21 45201.21
4.449 123.18 42799.89 42799.89
4.452 38.64 66519.05 66519.05
4.452 17.63 35949.45 35949.45
4.455 3.50 41273.78 41273.78
4.458 123.31 66601.75 66601.75
4.458 39.28 65165.04 65165.04
4.458 35.71 50352.57 50352.57
4.458 81.55 45119.83 45119.83
4.462 138.59 67827.48 67827.48
4.462 122.54 48431.52 48431.52
4.462 116.43 45115.11 45115.11
4.462 40.42 42419.03 42419.03
4.462 119.62 40741.98 40741.98
4.462 37.75 38525.13 38525.13
4.462 137.44 34728.32 34728.32
4.465 139.48 178340.68 178340.68
4.465 120.89 87399.00 87399.00
4.465 121.78 60736.37 60736.37
4.465 124.07 38271.08 38271.08
4.465 83.71 36141.13 36141.13
4.468 36.73 38840.21 38840.21
4.472 1.84 35769.98 35769.98
4.472 117.32 35077.60 35077.60
4.475 18.14 74904.69 74904.69
4.475 34.82 42082.54 42082.54
4.475 118.21 40747.33 40747.33
4.478 122.54 61919.50 61919.50
4.478 40.42 55913.01 55913.01
4.478 37.75 53088.23 53088.23
4.478 35.84 37650.33 37650.33
4.478 79.76 36486.15 36486.15
4.478 39.28 36473.09 36473.09
4.481 138.46 71306.26 71306.26
4.481 51.24 56630.48 56630.48
4.481 49.84 50998.17 50998.17
4.481 55.95 36783.98 36783.98
4.481 52.52 35912.62 35912.62
4.485 139.48 154969.25 154969.25
4.485 38.51 83608.11 83608.11
4.485 121.65 60302.92 60302.92
4.485 119.36 47115.21 47115.21
4.488 120.89 89359.41 89359.41
4.488 123.44 85291.54 85291.54
4.488 120.25 43428.66 43428.66
4.488 1.97 37907.93 37907.93
4.488 15.85 35333.17 35333.17
4.491 118.21 45322.81 45322.81
4.491 124.20 36427.96 36427.96
4.495 35.71 64202.61 64202.61
4.495 83.71 51326.62 51326.62
4.495 18.14 49538.27 49538.27
4.495 17.63 48304.52 48304.52
4.495 36.73 45128.02 45128.02
4.495 2.73 43160.49 43160.49
4.495 14.45 36409.96 36409.96
4.498 139.48 173408.16 173408.16
4.498 138.59 68439.75 68439.75
4.498 100.39 62385.52 62385.52
4.498 37.75 46457.67 46457.67
4.501 79.89 37524.65 37524.65
4.504 120.76 89795.51 89795.51
4.504 39.28 76612.96 76612.96
4.504 36.98 48955.37 48955.37
4.504 109.05 43804.97 43804.97
4.504 117.20 42968.22 42968.22
4.504 119.49 41844.86 41844.86
4.504 81.55 34823.22 34823.22
4.508 121.65 84210.74 84210.74
4.508 56.08 48055.46 48055.46
4.508 3.50 38073.93 38073.93
4.511 38.38 69954.04 69954.04
4.511 35.84 63061.74 63061.74
4.511 122.67 57303.90 57303.90
4.511 34.56 54106.48 54106.48
4.511 49.97 50959.81 50959.81
4.511 40.42 50138.25 50138.25
4.514 139.48 153297.99 153297.99
4.514 37.49 67144.89 67144.89
4.514 83.07 49992.74 49992.74
4.514 137.44 44057.82 44057.82
4.514 125.34 36315.29 36315.29
4.514 69.83 34986.92 34986.92
4.518 118.85 52483.12 52483.12
4.518 102.05 37019.81 37019.81
4.521 118.09 80003.15 80003.15
4.521 120.76 78152.70 78152.70
4.521 116.43 50037.16 50037.16
4.521 79.89 42214.10 42214.10
4.524 123.31 106206.53 106206.53
4.524 16.87 42449.10 42449.10
4.524 100.26 40476.85 40476.85
4.524 124.20 38840.56 38840.56
4.524 82.56 35304.19 35304.19
4.527 139.48 169787.61 169787.61
4.527 38.77 107800.34 107800.34
4.527 37.87 94968.10 94968.10
4.527 138.59 89292.43 89292.43
4.527 51.24 79786.48 79786.48
4.527 48.82 67889.00 67889.00
4.527 40.29 65713.39 65713.39
4.527 34.69 64252.07 64252.07
4.527 15.98 56963.66 56963.66
4.527 119.36 55770.94 55770.94
4.527 30.87 48772.50 48772.50
4.527 83.84 46058.13 46058.13
4.527 88.17 45076.17 45076.17
4.527 42.59 42695.48 42695.48
4.527 21.32 41521.15 41521.15
4.531 39.15 105855.10 105855.10
4.531 49.84 82975.33 82975.33
4.531 121.78 74763.86 74763.86
4.531 35.84 70208.73 70208.73
4.531 18.27 67504.73 67504.73
4.531 103.70 45197.00 45197.00
4.531 57.61 36880.64 36880.64
4.531 41.44 36520.79 36520.79
4.534 122.42 64844.33 64844.33
4.534 17.63 53317.10 53317.10
4.534 117.20 43544.33 43544.33
4.534 3.50 37024.35 37024.35
4.537 120.76 146478.46 146478.46
4.537 40.29 101730.92 101730.92
4.541 119.49 60804.02 60804.02
4.541 77.73 46617.43 46617.43
4.541 108.92 41994.96 41994.96
4.541 55.83 41882.98 41882.98
4.541 52.77 39769.41 39769.41
4.541 82.69 37566.49 37566.49
4.544 139.48 178480.74 178480.74
4.544 123.56 92606.69 92606.69
4.544 125.34 53283.54 53283.54
4.544 34.82 52755.62 52755.62
4.544 4.39 42278.48 42278.48
4.547 138.59 86304.56 86304.56
4.547 40.42 77994.53 77994.53
4.547 35.97 69409.93 69409.93
4.547 118.34 63110.49 63110.49
4.547 122.67 57010.53 57010.53
4.547 66.78 56054.60 56054.60
4.547 18.01 46089.54 46089.54
4.550 51.24 65739.72 65739.72
4.550 1.97 48346.98 48346.98
4.550 98.86 37260.96 37260.96
4.550 86.00 35241.57 35241.57
4.554 137.31 86275.12 86275.12
4.554 1.33 62698.74 62698.74
4.554 2.73 41030.57 41030.57
4.557 139.48 216637.35 216637.35
4.557 79.51 62436.64 62436.64
4.557 14.70 43178.42 43178.42
4.560 38.38 140557.69 140557.69
4.560 124.07 76807.31 76807.31
4.560 100.39 61565.61 61565.61
4.560 59.77 53814.26 53814.26
4.560 33.29 45798.52 45798.52
4.560 115.67 35964.14 35964.14
4.564 39.28 117358.62 117358.62
4.564 120.76 116987.03 116987.03
4.564 121.78 99613.25 99613.25
4.564 49.84 96066.70 96066.70
4.564 119.62 90811.19 90811.19
4.564 99.12 72832.68 72832.68
4.564 79.76 71048.93 71048.93
4.564 41.44 69863.89 69863.89
4.564 35.71 65254.39 65254.39
4.564 36.60 64078.86 64078.86
4.564 17.89 57912.72 57912.72
4.564 55.19 48920.27 48920.27
4.564 40.42 41110.10 41110.10
4.564 88.55 40920.12 40920.12
4.564 80.66 34758.71 34758.71
4.567 3.50 83623.04 83623.04
4.567 82.56 70475.16 70475.16
4.567 122.54 69805.86 69805.86
4.567 118.72 40900.07 40900.07
4.567 16.87 40693.52 40693.52
4.567 123.31 38708.23 38708.23
4.567 87.79 35178.42 35178.42
4.570 2.10 48511.56 48511.56
4.573 125.34 65233.36 65233.36
4.573 55.83 62014.57 62014.57
4.573 116.43 51473.53 51473.53
4.573 4.64 41649.94 41649.94
4.577 139.48 345176.24 345176.24
4.577 138.46 199426.35 199426.35
4.577 48.70 91647.03 91647.03
4.577 137.44 80039.65 80039.65
4.577 77.47 72215.12 72215.12
4.577 52.64 63840.17 63840.17
4.577 17.89 56747.38 56747.38
4.577 117.32 55906.52 55906.52
4.577 15.34 44201.54 44201.54
4.577 109.05 40538.19 40538.19
4.580 38.51 130569.39 130569.39
4.580 39.28 127855.41 127855.41
4.580 123.18 111283.94 111283.94
4.580 49.97 107267.26 107267.26
4.580 51.24 94575.52 94575.52
4.580 35.84 91195.35 91195.35
4.580 40.42 86778.78 86778.78
4.580 34.82 79482.02 79482.02
4.580 118.60 73279.71 73279.71
4.580 119.62 72392.34 72392.34
4.580 30.74 58401.06 58401.06
4.580 37.11 54520.49 54520.49
4.580 16.10 46793.71 46793.71
4.580 42.59 36907.89 36907.89
4.580 56.21 34863.35 34863.35
4.580 14.45 34553.05 34553.05
4.583 120.89 147151.51 147151.51
4.583 121.91 96629.20 96629.20
4.583 79.76 82816.65 82816.65
4.583 80.53 64714.71 64714.71
4.583 1.46 60451.32 60451.32
4.583 124.20 59039.57 59039.57
4.583 52.39 47257.05 47257.05
4.583 100.26 40501.27 40501.27
4.583 5.92 40001.33 40001.33
4.583 78.87 37589.07 37589.07
4.586 81.55 88148.13 88148.13
4.586 83.58 57170.40 57170.40
4.586 3.63 52966.96 52966.96
4.586 89.82 36369.76 36369.76
4.590 118.72 84661.55 84661.55
4.590 82.56 80720.54 80720.54
4.590 1.72 75000.78 75000.78
4.590 69.96 70629.16 70629.16
4.590 55.45 66890.51 66890.51
4.590 2.73 65716.08 65716.08
4.590 16.10 52156.70 52156.70
4.590 42.20 44994.60 44994.60
4.590 5.03 44492.25 44492.25
4.593 120.89 143057.48 143057.48
4.593 38.51 121599.42 121599.42
4.593 40.55 105737.77 105737.77
4.593 51.24 91374.82 91374.82
4.593 37.62 80476.16 80476.16
4.593 122.29 77125.18 77125.18
4.593 119.74 64528.30 64528.30
4.593 17.89 61368.64 61368.64
4.593 115.67 50811.69 50811.69
4.593 41.44 43188.76 43188.76
4.593 43.86 42020.46 42020.46
4.593 137.44 40780.09 40780.09
4.593 16.74 39174.04 39174.04
4.593 116.56 38413.28 38413.28
4.593 12.41 37699.95 37699.95
4.596 117.83 138341.58 138341.58
4.596 14.45 66685.38 66685.38
4.596 52.52 65008.84 65008.84
4.596 36.35 60362.28 60362.28
4.596 42.71 50440.79 50440.79
4.596 33.29 45846.13 45846.13
4.596 55.70 45303.49 45303.49
4.596 18.90 41187.07 41187.07
4.596 56.59 37260.39 37260.39
4.600 138.71 90599.34 90599.34
4.600 50.10 88688.19 88688.19
4.600 88.04 77751.61 77751.61
4.600 86.77 50543.06 50543.06
4.600 90.08 49343.78 49343.78
4.600 4.26 48888.37 48888.37
4.600 3.37 36932.05 36932.05
4.603 139.48 221928.50 221928.50
4.603 40.42 119891.01 119891.01
4.603 109.05 63226.69 63226.69
4.603 117.20 47713.00 47713.00
4.603 1.33 44065.53 44065.53
4.606 39.28 131656.70 131656.70
4.606 38.26 128462.98 128462.98
4.606 121.65 128074.51 128074.51
4.606 118.09 118025.59 118025.59
4.606 35.71 117735.76 117735.76
4.606 34.56 112293.84 112293.84
4.606 122.54 91493.73 91493.73
4.606 59.01 49449.22 49449.22
4.606 115.80 43082.86 43082.86
4.606 21.32 41321.36 41321.36
4.606 116.31 39712.71 39712.71
4.606 15.98 36376.55 36376.55
4.609 120.76 130799.63 130799.63
4.609 98.73 119431.91 119431.91
4.609 119.49 102466.26 102466.26
4.609 123.31 85266.69 85266.69
4.609 18.14 74753.85 74753.85
4.609 100.26 57862.56 57862.56
4.609 14.58 50398.32 50398.32
4.609 16.74 48404.46 48404.46
4.609 81.55 46394.31 46394.31
4.616 139.48 286602.35 286602.35
4.616 17.89 95098.24 95098.24
4.616 79.76 93937.17 93937.17
4.616 137.44 88383.64 88383.64
4.616 1.97 68581.37 68581.37
4.616 78.75 62249.72 62249.72
4.616 82.56 48784.88 48784.88
4.616 6.04 45084.56 45084.56
4.616 3.50 41955.53 41955.53
4.616 125.34 38484.36 38484.36
4.616 37.11 37222.63 37222.63
4.619 121.91 160737.35 160737.35
4.619 138.59 147650.06 147650.06
4.619 83.46 70659.03 70659.03
4.619 124.07 61354.73 61354.73
4.619 118.72 59708.01 59708.01
4.619 80.53 55490.50 55490.50
4.619 55.70 47836.39 47836.39
4.619 87.91 42881.20 42881.20
4.619 103.70 40986.63 40986.63
4.623 120.76 195280.83 195280.83
4.623 122.42 99575.15 99575.15
4.623 118.09 84742.36 84742.36
4.623 35.71 83563.51 83563.51
4.623 81.55 82138.19 82138.19
4.623 2.73 59111.61 59111.61
4.623 108.92 53565.50 53565.50
4.623 52.52 42978.93 42978.93
4.623 116.43 42500.43 42500.43
4.623 86.00 35742.11 35742.11
4.623 88.55 34564.33 34564.33
4.626 38.51 153887.51 153887.51
4.626 39.28 128166.08 128166.08
4.626 18.01 90955.97 90955.97
4.626 36.47 81356.74 81356.74
4.626 1.46 71299.98 71299.98
4.626 86.77 58075.72 58075.72
4.626 117.20 44552.01 44552.01
4.626 42.71 39670.16 39670.16
4.626 5.15 35461.86 35461.86
4.629 121.65 155224.43 155224.43
4.629 123.44 148107.66 148107.66
4.629 40.42 146488.97 146488.97
4.629 51.24 128052.74 128052.74
4.629 37.75 120469.72 120469.72
4.629 125.47 47012.15 47012.15
4.629 77.47 44975.69 44975.69
4.629 16.74 39874.12 39874.12
4.629 57.61 38114.43 38114.43
4.632 139.48 341365.00 341365.00
4.632 122.54 140583.51 140583.51
4.632 49.97 130446.48 130446.48
4.632 34.82 96187.92 96187.92
4.632 103.95 49512.57 49512.57
4.632 41.44 47661.99 47661.99
4.632 15.21 40358.42 40358.42
4.636 98.61 7268115.00 7268115.00
4.636 138.59 132203.30 132203.30
4.636 119.49 110231.23 110231.23
4.636 108.92 100732.90 100732.90
4.636 3.50 81581.46 81581.46
4.636 18.01 78900.83 78900.83
4.636 137.44 73504.87 73504.87
4.636 81.55 52175.15 52175.15
4.636 88.93 44750.69 44750.69
4.636 46.79 43741.03 43741.03
4.636 80.66 35216.43 35216.43
4.639 76.84 298330.58 298330.58
4.639 99.63 245411.42 245411.42
4.639 120.76 182502.10 182502.10
4.639 35.71 135558.75 135558.75
4.639 55.70 83435.34 83435.34
4.639 118.21 80831.50 80831.50
4.639 1.97 77116.39 77116.39
4.639 82.44 68956.27 68956.27
4.639 79.76 56006.70 56006.70
4.639 83.71 53712.09 53712.09
4.639 58.88 52282.71 52282.71
4.639 55.32 46212.30 46212.30
4.639 14.45 45955.30 45955.30
4.639 101.15 45396.38 45396.38
4.639 73.65 37597.79 37597.79
4.642 100.39 183536.97 183536.97
4.642 16.10 90442.98 90442.98
4.642 52.52 59798.32 59798.32
4.646 4.26 50999.15 50999.15
4.646 16.87 47521.55 47521.55
4.646 59.65 46250.20 46250.20
4.646 69.96 43751.78 43751.78
4.646 101.92 40634.07 40634.07
4.646 21.20 35517.70 35517.70
4.649 6.04 57051.56 57051.56
4.652 139.48 439488.24 439488.24
4.652 120.76 207979.71 207979.71
4.652 138.46 169724.64 169724.64
4.652 79.76 127083.98 127083.98
4.652 123.56 119358.55 119358.55
4.652 118.21 109801.66 109801.66
4.652 40.42 102423.06 102423.06
4.652 137.44 97386.01 97386.01
4.652 1.46 94507.92 94507.92
4.652 119.49 93177.46 93177.46
4.652 117.20 67518.65 67518.65
4.652 115.67 62282.79 62282.79
4.652 103.95 43596.13 43596.13
4.652 14.45 43568.56 43568.56
4.652 116.43 43003.48 43003.48
4.652 46.91 37717.91 37717.91
4.655 108.92 134554.45 134554.45
4.655 1.97 116827.95 116827.95
4.655 2.86 74037.78 74037.78
4.655 5.03 50947.66 50947.66
4.655 57.48 45770.55 45770.55
4.655 86.89 42062.44 42062.44
4.655 78.87 39546.13 39546.13
4.659 17.89 209647.85 209647.85
4.659 36.73 120341.94 120341.94
4.659 51.37 104497.17 104497.17
4.659 83.46 93737.42 93737.42
4.659 3.50 85763.45 85763.45
4.659 82.69 79653.46 79653.46
4.659 88.55 75812.58 75812.58
4.659 33.29 75714.06 75714.06
4.659 41.44 73275.90 73275.90
4.659 55.83 72129.73 72129.73
4.659 18.90 68872.00 68872.00
4.659 125.34 66447.48 66447.48
4.659 104.85 64363.35 64363.35
4.659 21.20 63315.21 63315.21
4.659 87.91 57800.90 57800.90
4.659 4.39 45181.29 45181.29
4.659 42.59 45080.83 45080.83
4.659 75.43 41089.00 41089.00
4.659 58.88 39030.05 39030.05
4.659 77.47 35449.82 35449.82
4.662 49.97 162319.52 162319.52
4.662 80.53 80123.83 80123.83
4.662 10.76 75142.20 75142.20
4.662 59.77 75077.55 75077.55
4.665 39.15 264475.75 264475.75
4.665 123.44 215461.84 215461.84
4.665 122.54 174789.02 174789.02
4.665 34.69 158174.71 158174.71
4.665 109.05 127436.43 127436.43
4.665 81.55 121910.38 121910.38
4.665 88.80 91556.54 91556.54
4.665 115.67 74741.00 74741.00
4.665 125.60 69554.49 69554.49
4.665 15.34 56597.24 56597.24
4.665 103.70 53201.44 53201.44
4.669 120.76 237491.11 237491.11
4.669 121.65 221878.09 221878.09
4.669 138.59 189201.40 189201.40
4.669 99.24 118665.52 118665.52
4.669 118.09 114936.18 114936.18
4.669 116.43 109384.81 109384.81
4.669 117.20 102687.62 102687.62
4.669 119.62 102609.38 102609.38
4.669 118.60 93300.14 93300.14
4.669 86.00 44906.52 44906.52
4.672 40.42 199766.95 199766.95
4.672 52.52 147543.03 147543.03
4.672 48.57 89760.49 89760.49
4.672 77.34 84863.62 84863.62
4.672 14.45 84213.14 84213.14
4.672 89.95 64834.02 64834.02
4.672 125.34 59504.32 59504.32
4.672 106.12 47299.97 47299.97
4.672 76.45 39109.92 39109.92
4.675 3.50 135239.19 135239.19
4.675 16.10 124116.15 124116.15
4.675 21.32 111158.32 111158.32
4.675 83.46 110584.96 110584.96
4.675 59.01 85521.01 85521.01
4.675 79.64 85468.64 85468.64
4.675 4.26 73998.53 73998.53
4.675 100.26 68858.06 68858.06
4.675 6.04 62899.46 62899.46
4.675 42.71 56179.75 56179.75
4.675 1.33 54759.18 54759.18
4.675 58.50 46526.47 46526.47
4.675 2.73 43851.46 43851.46
4.678 35.71 266965.01 266965.01
4.678 36.60 140372.28 140372.28
4.678 5.15 101932.76 101932.76
4.678 55.83 77606.35 77606.35
4.678 61.30 55998.28 55998.28
4.678 16.74 55730.74 55730.74
4.682 139.48 628210.74 628210.74
4.682 120.76 277390.71 277390.71
4.682 39.28 239270.21 239270.21
4.682 138.59 222907.12 222907.12
4.682 38.38 220194.65 220194.65
4.682 118.09 215382.61 215382.61
4.682 119.49 179619.75 179619.75
4.682 122.54 170115.21 170115.21
4.682 137.31 136707.57 136707.57
4.682 18.01 125050.42 125050.42
4.682 49.84 117170.17 117170.17
4.682 77.60 104324.48 104324.48
4.682 41.31 95932.75 95932.75
4.682 62.19 92067.56 92067.56
4.682 86.00 87728.53 87728.53
4.682 1.97 84847.02 84847.02
4.682 81.55 78940.50 78940.50
4.682 78.87 61952.54 61952.54
4.682 90.59 56734.30 56734.30
4.682 8.34 54020.32 54020.32
4.682 86.77 53265.37 53265.37
4.682 12.54 40983.05 40983.05
4.682 87.91 40939.24 40939.24
4.682 136.55 39839.48 39839.48
4.682 80.53 37942.81 37942.81
4.685 37.62 185956.60 185956.60
4.685 108.92 149655.91 149655.91
4.685 82.56 124884.08 124884.08
4.685 117.20 116001.15 116001.15
4.685 115.80 72909.91 72909.91
4.685 15.34 71805.18 71805.18
4.685 73.65 60950.37 60950.37
4.685 62.70 49238.87 49238.87
4.688 100.26 163563.27 163563.27
4.688 2.73 134300.01 134300.01
4.688 88.68 128133.68 128133.68
4.688 3.63 89096.64 89096.64
4.688 103.83 87391.70 87391.70
4.688 77.47 79981.65 79981.65
4.688 59.77 76308.72 76308.72
4.688 64.10 74766.32 74766.32
4.688 78.11 38485.82 38485.82
4.692 123.44 392948.97 392948.97
4.692 51.24 265416.60 265416.60
4.692 18.14 203994.36 203994.36
4.692 83.71 179111.16 179111.16
4.692 4.52 150162.91 150162.91
4.692 6.04 127895.86 127895.86
4.692 89.95 120579.25 120579.25
4.692 17.50 96909.15 96909.15
4.692 55.32 66822.98 66822.98
4.692 75.18 61946.53 61946.53
4.692 33.42 51282.43 51282.43
4.695 139.48 963854.84 963854.84
4.695 121.78 336940.20 336940.20
4.695 120.76 336557.28 336557.28
4.695 138.46 287712.26 287712.26
4.695 38.38 254810.50 254810.50
4.695 122.54 229745.91 229745.91
4.695 37.75 228639.97 228639.97
4.695 118.21 225328.34 225328.34
4.695 125.47 212006.10 212006.10
4.695 81.55 205128.33 205128.33
4.695 41.44 193836.40 193836.40
4.695 1.84 160098.89 160098.89
4.695 21.45 155402.20 155402.20
4.695 80.53 149282.04 149282.04
4.695 46.79 116393.89 116393.89
4.695 18.90 104943.81 104943.81
4.695 126.75 103178.67 103178.67
4.695 0.82 102204.40 102204.40
4.695 125.98 102056.07 102056.07
4.695 73.78 82693.23 82693.23
4.695 124.33 82681.81 82681.81
4.695 15.34 74469.72 74469.72
4.695 10.88 72292.26 72292.26
4.695 11.39 67747.27 67747.27
4.695 86.13 60290.05 60290.05
4.695 52.90 44076.72 44076.72
4.698 123.69 356618.64 356618.64
4.698 69.96 270543.47 270543.47
4.698 36.60 247701.49 247701.49
4.698 42.84 230292.59 230292.59
4.698 43.99 220319.30 220319.30
4.698 55.83 210016.98 210016.98
4.698 52.39 197758.39 197758.39
4.698 75.43 189757.50 189757.50
4.698 89.06 181622.52 181622.52
4.698 12.54 179877.39 179877.39
4.698 35.71 179193.04 179193.04
4.698 104.85 149452.62 149452.62
4.698 61.30 143129.40 143129.40
4.698 3.12 135501.97 135501.97
4.698 65.76 121341.91 121341.91
4.698 20.05 120825.06 120825.06
4.698 62.19 73095.88 73095.88
4.698 62.96 58516.81 58516.81
4.701 122.29 615229.10 615229.10
4.701 40.42 444328.31 444328.31
4.701 79.64 347065.20 347065.20
4.701 34.69 322321.33 322321.33
4.701 137.44 284775.85 284775.85
4.701 127.00 237688.16 237688.16
4.701 64.23 184041.98 184041.98
4.701 99.37 140708.63 140708.63
4.701 77.47 116236.93 116236.93
4.701 4.26 114400.39 114400.39
4.701 45.26 112807.02 112807.02
4.701 103.95 100752.62 100752.62
4.701 48.57 99619.48 99619.48
4.701 78.75 75927.30 75927.30
4.701 68.18 49743.93 49743.93
4.705 36.86 403934.38 403934.38
4.705 116.05 280565.25 280565.25
4.705 8.34 197390.60 197390.60
4.705 86.77 195547.81 195547.81
4.705 74.16 118512.40 118512.40
4.708 40.68 613825.13 613825.13
4.708 49.84 490324.43 490324.43
4.708 57.48 394059.13 394059.13
4.708 56.21 392709.82 392709.82
4.708 109.05 321798.79 321798.79
4.708 16.23 301602.41 301602.41
4.708 59.01 249339.22 249339.22
4.708 14.45 208122.25 208122.25
4.708 87.91 201190.15 201190.15
4.708 80.53 200187.50 200187.50
4.708 76.45 156881.81 156881.81
4.708 21.96 147990.68 147990.68
4.708 44.11 106852.92 106852.92
4.708 48.95 56943.77 56943.77
4.711 139.48 2213097.29 2213097.29
4.711 39.15 642670.49 642670.49
4.711 38.26 572252.03 572252.03
4.711 122.67 511923.11 511923.11
4.711 52.52 504121.36 504121.36
4.711 82.69 412386.61 412386.61
4.711 81.55 373511.07 373511.07
4.711 119.49 340228.17 340228.17
4.711 137.31 270525.28 270525.28
4.711 1.84 242608.95 242608.95
4.711 5.15 232552.80 232552.80
4.711 20.81 226376.81 226376.81
4.711 12.67 175224.51 175224.51
4.711 51.24 149331.88 149331.88
4.711 85.88 146298.66 146298.66
4.711 18.90 104304.41 104304.41
4.711 55.45 102376.16 102376.16
4.711 73.53 80488.15 80488.15
4.711 45.77 74137.77 74137.77
4.711 135.15 69881.50 69881.50
4.715 138.59 1218582.44 1218582.44
4.715 120.76 781454.47 781454.47
4.715 35.71 718370.08 718370.08
4.715 100.26 392818.91 392818.91
4.715 88.17 368871.82 368871.82
4.715 62.19 320684.64 320684.64
4.715 83.71 256444.01 256444.01
4.715 127.38 255524.29 255524.29
4.715 77.47 205270.81 205270.81
4.715 117.32 184260.81 184260.81
4.715 99.24 134607.64 134607.64
4.715 71.23 127433.53 127433.53
4.715 126.36 104137.84 104137.84
4.715 59.65 82249.47 82249.47
4.718 109.05 910625.81 910625.81
4.718 21.07 645966.71 645966.71
4.718 16.48 460489.48 460489.48
4.718 116.43 371524.99 371524.99
4.718 89.95 332875.59 332875.59
4.718 15.21 321240.21 321240.21
4.718 105.99 255339.86 255339.86
4.718 125.47 238677.63 238677.63
4.718 105.10 236609.78 236609.78
4.718 42.97 208668.68 208668.68
4.718 125.09 207652.16 207652.16
4.718 103.95 174273.98 174273.98
4.718 64.10 128234.75 128234.75
4.718 75.94 99051.65 99051.65
4.718 108.16 91457.48 91457.48
4.718 6.04 70708.60 70708.60
4.721 120.63 1506751.85 1506751.85
4.721 118.34 1184919.00 1184919.00
4.721 86.00 741389.69 741389.69
4.721 3.50 697161.03 697161.03
4.721 78.87 406560.22 406560.22
4.721 137.31 399346.60 399346.60
4.721 117.07 266476.26 266476.26
4.721 61.30 256551.13 256551.13
4.721 101.15 243014.56 243014.56
4.721 99.50 203507.27 203507.27
4.721 133.49 168075.01 168075.01
4.721 56.08 144530.16 144530.16
4.721 75.43 41485.36 41485.36
4.724 18.01 1393342.75 1393342.75
4.724 122.42 1282215.97 1282215.97
4.724 79.89 1241811.13 1241811.13
4.724 8.34 880237.50 880237.50
4.724 15.47 875073.90 875073.90
4.724 57.36 801716.25 801716.25
4.724 49.84 712165.89 712165.89
4.724 62.32 696277.25 696277.25
4.724 34.82 642375.26 642375.26
4.724 12.79 623595.34 623595.34
4.724 45.39 571350.24 571350.24
4.724 33.29 534014.94 534014.94
4.724 28.33 427697.31 427697.31
4.724 73.53 401230.61 401230.61
4.724 76.33 388554.72 388554.72
4.724 121.91 381518.78 381518.78
4.724 74.29 354299.09 354299.09
4.724 11.39 236843.32 236843.32
4.728 139.48 10820971.00 10820971.00
4.728 120.89 3016972.75 3016972.75
4.728 138.71 2816632.76 2816632.76
4.728 109.43 1939051.50 1939051.50
4.728 35.84 1893431.10 1893431.10
4.728 40.93 1747709.53 1747709.53
4.728 38.38 1690083.71 1690083.71
4.728 4.77 1587366.38 1587366.38
4.728 1.84 1388497.95 1388497.95
4.728 36.73 1364139.48 1364139.48
4.728 88.93 1358131.09 1358131.09
4.728 86.26 1186934.38 1186934.38
4.728 137.70 1007300.17 1007300.17
4.728 51.24 999555.06 999555.06
4.728 119.49 946602.67 946602.67
4.728 83.84 740422.71 740422.71
4.728 37.62 739730.50 739730.50
4.728 80.66 682669.68 682669.68
4.728 13.43 668620.81 668620.81
4.728 71.23 522821.61 522821.61
4.728 88.04 499192.27 499192.27
4.728 47.04 454463.78 454463.78
4.728 65.25 412700.19 412700.19
4.728 108.54 275500.88 275500.88
4.728 65.76 103107.91 103107.91
4.728 102.55 102719.11 102719.11
4.731 39.53 3235349.79 3235349.79
4.731 81.93 2937737.50 2937737.50
4.731 41.69 2386205.93 2386205.93
4.731 122.80 2335093.48 2335093.48
4.731 86.64 2167182.75 2167182.75
4.731 125.98 2165434.03 2165434.03
4.731 57.61 2105738.00 2105738.00
4.731 8.72 2079803.88 2079803.88
4.731 53.03 1955867.25 1955867.25
4.731 76.84 1733536.63 1733536.63
4.731 62.83 1705961.63 1705961.63
4.731 50.10 1606601.88 1606601.88
4.731 44.11 1542300.14 1542300.14
4.731 18.39 1449410.50 1449410.50
4.731 56.59 905636.01 905636.01
4.731 68.30 859440.25 859440.25
4.731 106.12 781499.27 781499.27
4.731 54.30 616556.52 616556.52
4.731 20.18 589385.88 589385.88
4.731 102.94 378422.36 378422.36
4.731 102.05 341967.46 341967.46
4.731 61.56 316762.72 316762.72
4.731 18.90 306611.37 306611.37
4.731 91.99 117876.58 117876.58
4.734 139.73 28525658.00 28525658.00
4.734 124.07 5078688.45 5078688.45
4.734 121.27 2469211.50 2469211.50
4.734 57.99 2359145.50 2359145.50
4.734 38.64 1895337.69 1895337.69
4.734 16.99 1851052.63 1851052.63
4.734 90.08 1361675.54 1361675.54
4.734 21.32 1353828.82 1353828.82
4.734 47.42 1297239.00 1297239.00
4.734 84.35 1236338.21 1236338.21
4.734 6.04 1189669.01 1189669.01
4.734 103.95 951703.38 951703.38
4.734 22.21 902283.65 902283.65
4.734 43.48 810556.29 810556.29
4.734 29.98 797180.26 797180.26
4.734 95.42 731115.13 731115.13
4.734 2.86 577213.14 577213.14
4.734 74.42 565887.38 565887.38
4.734 59.14 433032.26 433032.26
4.734 93.90 345710.16 345710.16
4.734 9.35 165779.27 165779.27
4.738 53.54 3218476.25 3218476.25
4.738 126.36 3042786.54 3042786.54
4.738 46.02 2786715.56 2786715.56
4.738 127.00 2640141.92 2640141.92
4.738 63.08 2559490.00 2559490.00
4.738 2.35 2270034.54 2270034.54
4.738 125.22 2166054.28 2166054.28
4.738 3.63 2067853.14 2067853.14
4.738 44.37 2031899.81 2031899.81
4.738 100.39 2007506.50 2007506.50
4.738 90.97 1907480.93 1907480.93
4.738 87.02 1663804.00 1663804.00
4.738 77.34 1507191.38 1507191.38
4.738 19.16 1499673.00 1499673.00
4.738 66.27 1277328.50 1277328.50
4.738 23.61 1236090.53 1236090.53
4.738 108.79 1217188.51 1217188.51
4.738 5.41 1125405.08 1125405.08
4.738 64.36 993467.75 993467.75
4.738 68.56 811364.19 811364.19
4.738 121.78 758230.15 758230.15
4.738 83.46 434123.17 434123.17
4.738 7.45 363610.65 363610.65
4.741 131.46 6553689.50 6553689.50
4.741 124.71 5236078.64 5236078.64
4.741 129.42 4385704.25 4385704.25
4.741 132.73 3384075.83 3384075.83
4.741 42.84 3127529.87 3127529.87
4.741 127.38 3124667.32 3124667.32
4.741 92.88 2787172.25 2787172.25
4.741 128.40 2693207.78 2693207.78
4.741 133.88 2364944.00 2364944.00
4.741 111.72 2297209.75 2297209.75
4.741 59.90 1966918.06 1966918.06
4.741 6.30 1817142.13 1817142.13
4.741 20.69 1807696.00 1807696.00
4.741 118.72 1628039.31 1628039.31
4.741 29.09 1422608.50 1422608.50
4.741 94.41 1417061.75 1417061.75
4.741 74.67 1328955.00 1328955.00
4.741 67.16 1310321.71 1310321.71
4.741 106.76 1296704.63 1296704.63
4.741 9.74 1287669.44 1287669.44
4.741 51.75 1259292.25 1259292.25
4.741 91.22 1186495.57 1186495.57
4.741 98.10 667472.93 667472.93
4.741 60.67 154308.60 154308.60
4.744 0.06 38013340.00 38013340.00
4.744 30.49 6145868.50 6145868.50
4.744 1.08 3660300.80 3660300.80
4.744 25.02 2969665.46 2969665.46
4.744 44.88 2387448.89 2387448.89
4.744 3.24 1814515.35 1814515.35
4.744 31.38 1802509.78 1802509.78
4.744 61.94 1752672.00 1752672.00
4.744 63.72 1640882.07 1640882.07
4.744 99.12 1430836.63 1430836.63
4.744 71.87 1385152.13 1385152.13
4.744 22.85 1334747.88 1334747.88
4.744 48.19 1330591.77 1330591.77
4.744 68.81 1270218.51 1270218.51
4.744 7.70 1235169.01 1235169.01
4.744 64.61 787995.10 787995.10
4.744 119.87 731939.75 731939.75
4.744 122.03 673925.44 673925.44
4.744 96.44 633164.69 633164.69
4.744 83.20 373611.98 373611.98
4.744 48.70 350182.24 350182.24
4.747 6.55 3076188.25 3076188.25
4.747 82.69 2276227.00 2276227.00
4.747 66.52 2222077.25 2222077.25
4.747 52.01 1785130.63 1785130.63
4.747 31.76 1499560.00 1499560.00
4.747 67.41 1292993.50 1292993.50
4.747 69.45 1278285.25 1278285.25
4.747 107.77 1241921.63 1241921.63
4.747 110.19 1218456.75 1218456.75
4.747 74.93 1217840.00 1217840.00
4.747 117.20 1145537.33 1145537.33
4.747 112.61 1035492.50 1035492.50
4.747 85.49 896702.11 896702.11
4.747 27.56 876770.48 876770.48
4.747 28.71 841231.42 841231.42
4.747 116.43 729099.76 729099.76
4.747 61.05 575035.21 575035.21
4.747 118.09 516483.36 516483.36
4.747 33.93 499984.47 499984.47
4.747 115.67 484125.61 484125.61
4.747 103.19 471045.01 471045.01
4.747 32.53 458008.98 458008.98
4.747 114.27 414224.56 414224.56
4.747 14.32 393031.52 393031.52
4.747 5.03 371171.76 371171.76
4.751 26.03 2744626.03 2744626.03
4.751 24.25 2124108.27 2124108.27
4.751 1.72 1525407.03 1525407.03
4.751 78.62 1517465.57 1517465.57
4.751 99.50 1420202.75 1420202.75
4.751 21.96 1418493.63 1418493.63
4.751 72.25 1329296.38 1329296.38
4.751 27.18 1221855.54 1221855.54
4.751 58.63 1172020.28 1172020.28
4.751 95.93 1152545.50 1152545.50
4.751 43.86 1139923.54 1139923.54
4.751 120.12 867142.88 867142.88
4.751 17.63 832571.37 832571.37
4.751 94.79 819036.38 819036.38
4.751 91.99 586705.26 586705.26
4.751 101.66 517080.91 517080.91
4.751 98.61 354738.76 354738.76
4.751 34.82 311618.47 311618.47
4.754 29.73 2412584.25 2412584.25
4.754 57.10 2028553.25 2028553.25
4.754 73.27 1783128.25 1783128.25
4.754 64.74 1706380.82 1706380.82
4.754 84.98 1623084.93 1623084.93
4.754 32.02 1509768.15 1509768.15
4.754 70.47 1400977.00 1400977.00
4.754 8.08 1386911.78 1386911.78
4.754 33.04 1299916.38 1299916.38
4.754 83.84 1226986.84 1226986.84
4.754 79.51 1211890.72 1211890.72
4.754 28.20 1181544.00 1181544.00
4.754 77.85 1114965.55 1114965.55
4.754 97.46 1096379.13 1096379.13
4.754 23.61 1028866.56 1028866.56
4.754 81.16 974732.63 974732.63
4.754 76.20 953916.25 953916.25
4.754 54.55 950057.44 950057.44
4.754 133.24 845508.40 845508.40
4.754 122.29 723251.56 723251.56
4.754 111.98 687832.09 687832.09
4.754 34.18 624238.06 624238.06
4.754 87.79 580943.91 580943.91
4.754 19.54 578180.05 578180.05
4.754 131.97 525649.47 525649.47
4.754 10.37 475684.75 475684.75
4.754 113.50 438707.71 438707.71
4.754 47.81 420378.98 420378.98
4.754 119.49 383935.85 383935.85
4.754 4.77 271454.56 271454.56
4.754 107.52 245143.70 245143.70
4.754 102.30 193086.96 193086.96
4.757 95.04 1930797.63 1930797.63
4.757 125.60 1644722.28 1644722.28
4.757 81.67 1523341.60 1523341.60
4.757 109.56 1315253.00 1315253.00
4.757 62.45 1259974.00 1259974.00
4.757 50.61 1092188.00 1092188.00
4.757 129.93 1071082.67 1071082.67
4.757 97.08 1013451.35 1013451.35
4.757 136.68 917947.57 917947.57
4.757 43.35 827822.27 827822.27
4.757 54.17 820985.50 820985.50
4.757 67.92 795105.25 795105.25
4.757 101.03 681060.63 681060.63
4.757 124.84 625193.18 625193.18
4.757 41.82 549554.78 549554.78
4.757 65.50 537265.05 537265.05
4.757 52.39 533691.25 533691.25
4.757 56.46 508850.86 508850.86
4.757 80.27 417299.68 417299.68
4.757 93.39 359720.46 359720.46
4.757 126.24 349014.99 349014.99
4.757 134.51 327750.28 327750.28
4.757 120.89 227834.32 227834.32
4.757 130.44 224439.33 224439.33
4.757 128.91 215815.84 215815.84
4.760 47.04 1768677.88 1768677.88
4.760 8.46 1739279.25 1739279.25
4.760 86.26 1673111.38 1673111.38
4.760 29.47 1401747.13 1401747.13
4.760 123.94 1279356.00 1279356.00
4.760 76.45 1115544.25 1115544.25
4.760 57.48 1044185.61 1044185.61
4.760 53.03 911950.81 911950.81
4.760 13.43 801143.81 801143.81
4.760 65.89 745888.97 745888.97
4.760 122.54 656532.83 656532.83
4.760 11.65 537559.25 537559.25
4.760 119.23 494806.59 494806.59
4.760 132.22 454123.96 454123.96
4.760 137.44 390947.85 390947.85
4.760 75.94 388390.41 388390.41
4.760 4.01 130180.05 130180.05
4.760 102.05 60433.48 60433.48
4.764 29.09 1445432.26 1445432.26
4.764 110.70 1299410.63 1299410.63
4.764 16.36 1108413.99 1108413.99
4.764 15.47 988508.09 988508.09
4.764 72.63 899953.14 899953.14
4.764 66.90 686557.38 686557.38
4.764 7.19 571477.69 571477.69
4.764 130.69 440602.06 440602.06
4.764 45.51 418549.06 418549.06
4.764 111.08 392038.66 392038.66
4.764 94.02 300399.01 300399.01
4.764 105.86 191791.30 191791.30
4.764 108.28 146839.16 146839.16
4.767 53.28 1259107.63 1259107.63
4.767 63.21 1178119.75 1178119.75
4.767 92.50 1112302.53 1112302.53
4.767 124.20 969909.45 969909.45
4.767 57.74 929393.54 929393.54
4.767 66.14 877107.16 877107.16
4.767 18.65 750692.56 750692.56
4.767 71.62 557526.38 557526.38
4.767 104.46 515789.68 515789.68
4.767 55.70 500995.33 500995.33
4.767 123.18 460205.58 460205.58
4.767 16.99 430958.36 430958.36
4.767 73.78 371053.66 371053.66
4.767 83.20 364157.16 364157.16
4.767 2.10 309291.44 309291.44
4.767 96.19 206941.42 206941.42
4.767 20.69 205011.41 205011.41
4.767 102.94 180390.96 180390.96
4.770 126.36 828663.48 828663.48
4.770 127.89 800160.54 800160.54
4.770 22.21 775992.10 775992.10
4.770 24.89 721324.29 721324.29
4.770 130.95 716049.92 716049.92
4.770 124.71 702800.07 702800.07
4.770 31.38 615513.61 615513.61
4.770 59.52 574674.25 574674.25
4.770 111.34 520324.12 520324.12
4.770 44.62 492834.58 492834.58
4.770 128.66 488132.00 488132.00
4.770 105.23 467212.71 467212.71
4.770 77.09 450869.66 450869.66
4.770 103.70 392596.06 392596.06
4.770 87.28 329388.57 329388.57
4.770 132.47 266430.77 266430.77
4.770 58.63 236445.30 236445.30
4.770 9.48 215991.72 215991.72
4.770 3.24 188340.81 188340.81
4.770 74.67 182951.89 182951.89
4.770 54.68 167205.92 167205.92
4.774 30.11 989193.22 989193.22
4.774 19.41 839950.07 839950.07
4.774 26.16 791466.75 791466.75
4.774 20.30 730308.79 730308.79
4.774 60.16 538664.38 538664.38
4.774 127.00 483550.92 483550.92
4.774 89.31 439684.55 439684.55
4.774 106.63 432154.47 432154.47
4.774 131.46 311250.65 311250.65
4.774 32.15 290808.10 290808.10
4.774 85.49 231168.85 231168.85
4.774 61.68 195366.68 195366.68
4.774 42.71 172737.49 172737.49
4.774 41.19 116894.88 116894.88
4.774 137.82 116464.32 116464.32
4.777 139.22 915231.69 915231.69
4.777 66.39 826773.32 826773.32
4.777 67.29 628363.89 628363.89
4.777 64.74 616362.93 616362.93
4.777 23.87 611666.55 611666.55
4.777 26.80 448786.67 448786.67
4.777 27.69 425295.18 425295.18
4.777 60.92 408453.94 408453.94
4.777 6.55 401676.67 401676.67
4.777 129.29 370991.25 370991.25
4.777 74.93 349195.05 349195.05
4.777 21.71 294735.11 294735.11
4.777 42.08 281906.66 281906.66
4.777 134.00 148904.49 148904.49
4.780 25.27 862514.25 862514.25
4.780 23.11 466815.87 466815.87
4.780 29.22 429288.59 429288.59
4.780 113.38 337631.65 337631.65
4.780 72.89 333081.78 333081.78
4.780 84.09 312050.24 312050.24
4.780 43.35 301600.19 301600.19
4.780 70.60 169708.15 169708.15
4.780 98.48 145696.92 145696.92
4.780 7.70 95207.83 95207.83
4.780 133.11 94248.09 94248.09
4.783 130.18 439652.10 439652.10
4.783 109.56 388169.61 388169.61
4.783 56.85 296420.34 296420.34
4.783 97.33 269502.18 269502.18
4.783 107.39 259558.16 259558.16
4.783 84.98 232518.44 232518.44
4.783 69.07 229745.90 229745.90
4.783 126.87 227238.82 227238.82
4.783 115.03 218467.52 218467.52
4.783 86.51 94690.37 94690.37
4.783 5.66 86071.14 86071.14
4.783 33.04 61889.88 61889.88
4.783 58.63 50357.66 50357.66
4.783 16.99 40732.56 40732.56
4.787 112.10 469212.64 469212.64
4.787 95.17 423178.60 423178.60
4.787 110.83 404762.03 404762.03
4.787 93.39 374312.98 374312.98
4.787 132.60 357117.11 357117.11
4.787 127.89 281374.12 281374.12
4.787 68.18 224590.78 224590.78
4.787 90.33 217281.03 217281.03
4.787 97.08 206293.65 206293.65
4.787 136.42 174734.83 174734.83
4.787 77.85 169169.16 169169.16
4.787 62.58 144024.40 144024.40
4.787 108.28 88306.89 88306.89
4.790 87.28 368636.60 368636.60
4.790 23.87 346978.78 346978.78
4.790 29.22 341461.85 341461.85
4.790 63.47 316538.31 316538.31
4.790 129.55 284921.08 284921.08
4.790 91.73 271644.72 271644.72
4.790 114.90 242239.66 242239.66
4.790 72.89 237898.71 237898.71
4.790 27.69 221940.85 221940.85
4.790 20.56 201455.04 201455.04
4.790 105.61 184325.38 184325.38
4.790 89.44 174904.69 174904.69
4.790 47.30 172970.08 172970.08
4.790 67.16 170170.25 170170.25
4.790 13.43 162503.88 162503.88
4.790 91.10 162145.69 162145.69
4.790 104.59 156984.19 156984.19
4.790 94.02 147398.33 147398.33
4.790 96.19 128248.90 128248.90
4.790 28.45 108766.33 108766.33
4.793 26.80 481068.90 481068.90
4.793 92.50 459840.15 459840.15
4.793 31.38 400336.06 400336.06
4.793 131.71 352054.92 352054.92
4.793 110.58 287539.25 287539.25
4.793 24.76 275908.89 275908.89
4.793 7.83 267588.10 267588.10
4.793 44.75 249206.68 249206.68
4.793 75.82 153060.99 153060.99
4.793 135.91 143447.75 143447.75
4.793 106.76 135529.39 135529.39
4.793 46.41 121333.51 121333.51
4.793 9.86 100689.09 100689.09
4.793 83.46 49030.91 49030.91
4.797 134.13 206066.22 206066.22
4.797 60.28 194075.72 194075.72
4.797 43.10 185300.74 185300.74
4.797 14.83 122432.07 122432.07
4.797 128.66 96313.17 96313.17
4.797 61.05 75504.76 75504.76
4.797 44.11 55900.89 55900.89
4.797 33.93 37166.00 37166.00
4.800 32.15 339702.99 339702.99
4.800 67.80 190770.17 190770.17
4.800 71.74 165427.12 165427.12
4.800 16.23 163231.16 163231.16
4.800 6.68 145843.38 145843.38
4.800 100.90 134580.59 134580.59
4.800 20.30 131348.46 131348.46
4.800 73.91 96661.61 96661.61
4.800 113.38 88113.09 88113.09
4.800 29.98 39464.02 39464.02
4.800 17.25 38947.46 38947.46
4.803 19.41 135666.56 135666.56
4.803 75.05 135653.40 135653.40
4.803 85.62 59752.13 59752.13
4.803 15.59 53893.56 53893.56
4.803 12.79 40713.31 40713.31
4.803 83.20 34716.58 34716.58
4.806 26.16 257348.93 257348.93
4.806 66.52 216444.66 216444.66
4.806 67.41 211111.35 211111.35
4.806 70.60 170167.01 170167.01
4.806 133.24 123910.74 123910.74
4.806 89.44 115826.88 115826.88
4.806 72.63 112310.98 112310.98
4.806 43.10 105107.41 105107.41
4.806 22.47 97730.66 97730.66
4.806 81.16 94969.85 94969.85
4.810 93.39 370988.43 370988.43
4.810 73.40 318801.91 318801.91
4.810 76.33 261082.13 261082.13
4.810 26.93 251452.88 251452.88
4.810 84.22 222342.21 222342.21
4.810 97.33 205835.19 205835.19
4.810 27.69 169299.39 169299.39
4.810 84.98 152570.16 152570.16
4.810 80.02 142585.67 142585.67
4.810 57.10 136058.34 136058.34
4.810 124.58 94758.71 94758.71
4.810 17.89 93490.37 93490.37
4.810 122.67 63868.66 63868.66
4.810 8.34 57936.79 57936.79
4.810 137.06 56063.06 56063.06
4.810 77.85 50175.82 50175.82
4.813 130.44 356679.20 356679.20
4.813 64.87 323191.14 323191.14
4.813 109.56 291531.86 291531.86
4.813 137.70 273539.55 273539.55
4.813 25.40 258665.96 258665.96
4.813 125.85 245004.25 245004.25
4.813 67.16 209732.22 209732.22
4.813 20.30 201316.84 201316.84
4.813 23.23 185892.50 185892.50
4.813 23.87 164019.71 164019.71
4.813 124.33 158482.97 158482.97
4.813 43.35 136863.08 136863.08
4.813 44.11 128722.04 128722.04
4.813 15.47 122953.91 122953.91
4.813 132.22 119961.71 119961.71
4.813 112.23 118953.39 118953.39
4.813 21.71 114997.02 114997.02
4.813 101.03 111367.40 111367.40
4.813 32.15 103585.55 103585.55
4.813 136.29 91060.29 91060.29
4.813 114.90 81218.26 81218.26
4.813 127.00 69166.65 69166.65
4.813 14.96 65435.18 65435.18
4.813 98.35 62141.42 62141.42
4.813 102.81 61100.17 61100.17
4.813 81.80 49429.34 49429.34
4.813 113.38 37589.94 37589.94
4.816 110.83 471206.72 471206.72
4.816 73.78 383616.55 383616.55
4.816 86.38 341493.91 341493.91
4.816 16.61 315411.39 315411.39
4.816 68.05 271545.18 271545.18
4.816 95.17 260530.18 260530.18
4.816 8.72 259494.13 259494.13
4.816 62.58 213719.72 213719.72
4.816 76.84 212113.75 212113.75
4.816 127.89 185795.89 185795.89
4.816 74.29 153216.89 153216.89
4.816 91.73 135569.34 135569.34
4.816 57.61 91323.08 91323.08
4.816 134.13 76623.46 76623.46
4.820 130.95 421646.35 421646.35
4.820 66.01 397092.22 397092.22
4.820 28.58 374808.76 374808.76
4.820 92.50 327702.17 327702.17
4.820 44.37 254154.83 254154.83
4.820 13.43 243336.85 243336.85
4.820 67.03 237628.11 237628.11
4.820 71.62 220318.56 220318.56
4.820 128.78 208884.51 208884.51
4.820 47.30 168928.38 168928.38
4.820 31.38 163580.74 163580.74
4.820 2.22 134707.09 134707.09
4.820 105.23 124223.75 124223.75
4.820 108.28 122360.67 122360.67
4.820 122.93 120898.61 120898.61
4.820 89.44 111240.62 111240.62
4.820 60.41 105028.83 105028.83
4.820 103.57 84780.91 84780.91
4.820 87.28 72440.62 72440.62
4.820 72.63 49749.63 49749.63
4.823 18.78 444075.57 444075.57
4.823 20.43 393781.58 393781.58
4.823 109.81 383060.28 383060.28
4.823 53.28 382205.82 382205.82
4.823 29.09 370344.06 370344.06
4.823 24.63 309042.76 309042.76
4.823 26.29 281577.30 281577.30
4.823 68.30 269573.53 269573.53
4.823 57.86 248627.39 248627.39
4.823 63.34 236625.41 236625.41
4.823 82.06 220341.15 220341.15
4.823 15.59 194138.57 194138.57
4.823 126.24 179389.66 179389.66
4.823 69.07 175709.40 175709.40
4.823 111.34 141639.35 141639.35
4.823 88.29 119903.89 119903.89
4.823 9.61 112262.95 112262.95
4.823 115.29 78052.05 78052.05
4.823 3.24 75547.75 75547.75
4.823 98.61 38625.41 38625.41
4.826 30.11 757024.57 757024.57
4.826 66.27 441693.59 441693.59
4.826 124.45 390097.07 390097.07
4.826 137.82 372054.41 372054.41
4.826 106.50 340472.04 340472.04
4.826 16.99 278205.88 278205.88
4.826 74.93 159814.83 159814.83
4.826 113.50 143157.38 143157.38
4.826 50.73 125197.28 125197.28
4.826 60.16 117932.82 117932.82
4.826 96.19 110654.65 110654.65
4.826 60.79 103494.88 103494.88
4.826 7.57 50938.49 50938.49
4.826 78.11 50565.00 50565.00
4.826 85.11 40101.71 40101.71
4.829 139.35 1284808.03 1284808.03
4.829 138.59 362615.40 362615.40
4.829 23.87 325606.44 325606.44
4.829 107.52 297239.49 297239.49
4.829 25.52 277694.20 277694.20
4.829 21.71 201008.64 201008.64
4.829 112.23 166713.10 166713.10
4.829 56.72 144933.02 144933.02
4.829 127.13 143992.35 143992.35
4.829 136.29 139660.19 139660.19
4.829 41.95 138949.22 138949.22
4.829 103.83 128078.13 128078.13
4.829 104.59 75872.29 75872.29
4.829 6.55 73671.29 73671.29
4.829 72.89 39315.40 39315.40
4.833 22.47 463028.35 463028.35
4.833 25.14 399372.41 399372.41
4.833 53.54 378772.69 378772.69
4.833 23.23 350401.38 350401.38
4.833 19.41 323909.51 323909.51
4.833 110.83 274920.86 274920.86
4.833 67.16 273234.70 273234.70
4.833 95.42 187373.79 187373.79
4.833 16.48 144681.99 144681.99
4.833 101.41 130619.80 130619.80
4.833 130.31 129019.06 129019.06
4.833 68.18 126440.66 126440.66
4.833 47.42 88595.20 88595.20
4.833 123.56 80976.67 80976.67
4.833 102.30 53401.04 53401.04
4.836 87.28 513819.84 513819.84
4.836 108.54 497470.41 497470.41
4.836 105.36 465633.64 465633.64
4.836 92.62 446339.39 446339.39
4.836 124.96 367684.25 367684.25
4.836 57.99 307930.74 307930.74
4.836 86.64 219868.00 219868.00
4.836 129.67 216253.32 216253.32
4.836 93.90 207371.37 207371.37
4.836 90.20 191206.58 191206.58
4.836 45.64 149309.95 149309.95
4.836 29.22 141912.46 141912.46
4.836 76.96 131533.48 131533.48
4.836 46.15 115928.39 115928.39
4.836 74.03 106446.50 106446.50
4.836 4.39 98322.94 98322.94
4.836 91.73 51267.92 51267.92
4.836 65.12 40642.46 40642.46
4.839 131.20 446542.25 446542.25
4.839 75.31 366095.84 366095.84
4.839 60.28 343369.68 343369.68
4.839 106.76 340474.23 340474.23
4.839 128.78 329461.13 329461.13
4.839 44.62 310704.57 310704.57
4.839 89.57 302555.19 302555.19
4.839 9.86 261652.61 261652.61
4.839 126.62 205783.30 205783.30
4.839 71.74 194125.65 194125.65
4.839 63.34 150631.36 150631.36
4.839 3.63 146228.80 146228.80
4.839 5.79 103411.56 103411.56
4.839 2.35 100681.15 100681.15
4.839 59.14 82471.00 82471.00
4.843 30.36 904077.92 904077.92
4.843 26.54 550941.59 550941.59
4.843 129.16 461932.11 461932.11
4.843 20.56 367406.87 367406.87
4.843 128.02 330066.55 330066.55
4.843 42.46 324678.29 324678.29
4.843 7.57 318075.74 318075.74
4.843 31.51 269553.52 269553.52
4.843 90.59 267041.53 267041.53
4.843 77.34 245414.69 245414.69
4.843 61.05 187731.06 187731.06
4.843 84.22 173999.43 173999.43
4.843 98.86 170048.00 170048.00
4.843 88.29 162958.73 162958.73
4.843 96.32 144508.93 144508.93
4.843 82.31 122157.60 122157.60
4.843 101.66 116842.64 116842.64
4.843 14.07 114089.95 114089.95
4.843 5.28 58127.40 58127.40
4.846 139.60 3136840.93 3136840.93
4.846 6.68 532718.95 532718.95
4.846 66.52 433901.09 433901.09
4.846 107.77 413040.56 413040.56
4.846 127.38 390754.00 390754.00
4.846 131.71 372785.06 372785.06
4.846 132.60 368415.88 368415.88
4.846 32.40 358564.04 358564.04
4.846 69.45 332671.36 332671.36
4.846 110.07 305457.50 305457.50
4.846 85.37 295798.13 295798.13
4.846 61.81 287492.76 287492.76
4.846 78.36 278478.38 278478.38
4.846 111.59 278102.97 278102.97
4.846 63.72 276692.11 276692.11
4.846 43.60 212399.65 212399.65
4.846 138.08 110774.33 110774.33
4.846 68.56 101070.96 101070.96
4.846 51.88 78027.27 78027.27
4.849 25.52 466184.86 466184.86
4.849 27.82 437774.99 437774.99
4.849 24.00 435037.05 435037.05
4.849 113.89 301951.75 301951.75
4.849 67.41 297100.03 297100.03
4.849 112.49 289071.72 289071.72
4.849 91.22 234224.95 234224.95
4.849 134.13 194459.63 194459.63
4.849 4.64 172349.42 172349.42
4.849 133.37 163111.83 163111.83
4.849 46.53 156705.82 156705.82
4.849 70.72 86895.07 86895.07
4.849 97.72 58445.98 58445.98
4.849 136.93 55159.54 55159.54
4.852 108.92 480852.72 480852.72
4.852 7.95 412863.55 412863.55
4.852 132.98 351506.60 351506.60
4.852 23.36 217931.71 217931.71
4.852 56.97 212208.82 212208.82
4.852 75.94 186823.00 186823.00
4.852 64.74 171784.61 171784.61
4.852 70.09 166711.35 166711.35
4.852 73.14 149017.16 149017.16
4.852 97.33 147845.51 147845.51
4.852 81.16 147265.81 147265.81
4.852 21.71 130216.76 130216.76
4.852 91.86 124930.85 124930.85
4.852 115.29 121683.06 121683.06
4.852 31.76 97698.65 97698.65
4.852 134.77 96692.91 96692.91
4.852 80.02 56190.01 56190.01
4.852 54.30 44534.69 44534.69
4.852 102.43 44255.32 44255.32
4.852 9.10 43338.54 43338.54
4.856 29.47 266825.50 266825.50
4.856 125.34 220740.02 220740.02
4.856 93.13 203960.62 203960.62
4.856 10.37 202956.67 202956.67
4.856 130.44 183273.69 183273.69
4.856 95.81 170372.99 170372.99
4.856 72.12 110673.65 110673.65
4.856 33.04 104569.35 104569.35
4.856 28.58 104436.09 104436.09
4.856 43.35 104051.58 104051.58
4.856 107.27 100852.24 100852.24
4.856 19.54 59322.90 59322.90
4.856 40.80 58622.22 58622.22
4.859 129.80 261674.06 261674.06
4.859 94.79 150631.98 150631.98
4.859 110.83 145135.23 145135.23
4.859 105.61 97085.35 97085.35
4.859 54.04 91316.71 91316.71
4.859 62.32 89412.23 89412.23
4.859 128.91 78443.74 78443.74
4.859 47.68 74192.08 74192.08
4.859 8.85 66241.18 66241.18
4.859 113.25 43200.51 43200.51
4.859 136.29 36610.39 36610.39
4.862 108.16 172660.99 172660.99
4.862 91.86 141769.11 141769.11
4.862 92.88 124013.46 124013.46
4.862 134.26 114961.36 114961.36
4.862 20.81 81768.61 81768.61
4.862 135.91 76379.96 76379.96
4.862 45.51 73028.09 73028.09
4.862 63.72 45952.63 45952.63
4.866 93.90 107345.52 107345.52
4.866 114.01 103081.58 103081.58
4.866 6.81 96788.78 96788.78
4.866 67.54 82641.20 82641.20
4.866 64.74 81797.07 81797.07
4.866 132.73 62218.74 62218.74
4.866 66.52 61274.39 61274.39
4.866 43.86 60723.93 60723.93
4.866 70.85 56708.22 56708.22
4.866 70.34 54476.91 54476.91
4.866 134.89 44192.49 44192.49
4.866 45.00 37153.40 37153.40
4.869 30.62 136131.86 136131.86
4.869 112.49 95179.83 95179.83
4.869 29.47 94521.68 94521.68
4.869 106.76 80874.02 80874.02
4.869 95.93 80129.73 80129.73
4.869 127.89 78210.66 78210.66
4.869 88.55 76171.81 76171.81
4.869 111.72 75073.72 75073.72
4.869 22.60 69569.99 69569.99
4.869 68.43 57078.19 57078.19
4.869 110.07 38359.92 38359.92
4.872 97.33 81563.96 81563.96
4.872 85.11 72394.28 72394.28
4.872 102.55 61653.19 61653.19
4.872 47.68 51534.17 51534.17
4.872 9.74 39757.68 39757.68
4.875 10.37 36740.91 36740.91
4.879 90.97 114968.22 114968.22
4.879 27.82 76560.38 76560.38
4.879 67.54 73261.20 73261.20
4.879 6.94 61092.37 61092.37
4.879 68.69 58887.46 58887.46
4.879 7.95 57534.40 57534.40
4.879 70.60 51107.75 51107.75
4.879 60.28 49605.00 49605.00
4.882 61.30 83185.40 83185.40
4.882 62.45 58610.54 58610.54
4.882 13.43 50849.69 50849.69
4.882 72.12 45615.11 45615.11
4.882 136.04 43261.12 43261.12
4.882 73.14 38703.80 38703.80
4.885 23.36 123082.75 123082.75
4.885 68.94 74050.99 74050.99
4.885 132.73 64126.56 64126.56
4.885 70.34 60333.96 60333.96
4.885 108.28 53901.95 53901.95
4.885 106.88 53882.11 53882.11
4.889 26.93 166625.01 166625.01
4.889 25.40 149555.51 149555.51
4.889 91.35 134244.21 134244.21
4.889 110.70 107614.36 107614.36
4.889 130.44 105218.70 105218.70
4.889 22.47 90384.38 90384.38
4.889 114.01 89401.34 89401.34
4.889 112.36 80188.36 80188.36
4.889 24.76 78859.63 78859.63
4.889 109.43 78466.43 78466.43
4.889 131.71 76163.63 76163.63
4.889 111.72 75541.83 75541.83
4.889 113.12 59010.53 59010.53
4.889 63.72 58745.50 58745.50
4.889 102.68 53857.30 53857.30
4.889 115.16 52319.28 52319.28
4.889 128.02 49329.17 49329.17
4.889 45.64 37868.71 37868.71
4.892 93.51 166915.22 166915.22
4.892 129.67 101365.98 101365.98
4.892 92.50 89259.40 89259.40
4.892 94.79 83405.40 83405.40
4.892 66.52 79273.45 79273.45
4.892 28.58 73732.49 73732.49
4.892 64.74 72466.77 72466.77
4.892 42.08 69009.65 69009.65
4.892 8.08 62611.65 62611.65
4.892 32.40 57827.71 57827.71
4.892 43.99 56729.89 56729.89
4.892 67.67 53278.93 53278.93
4.892 43.35 44484.88 44484.88
4.892 125.85 39753.61 39753.61
4.895 23.74 176714.28 176714.28
4.895 30.62 106528.63 106528.63
4.895 134.26 73989.32 73989.32
4.895 105.23 72183.46 72183.46
4.895 29.47 52237.36 52237.36
4.895 69.20 46484.01 46484.01
4.898 96.19 126536.98 126536.98
4.898 6.81 58380.45 58380.45
4.902 9.74 84065.20 84065.20
4.902 110.83 67920.48 67920.48
4.902 109.81 62962.14 62962.14
4.902 29.34 47841.95 47841.95
4.902 8.72 44748.90 44748.90
4.902 127.89 39110.72 39110.72
4.902 97.33 38016.16 38016.16
4.902 108.41 37077.09 37077.09
4.905 95.17 116645.81 116645.81
4.905 85.11 81722.91 81722.91
4.905 70.60 72063.35 72063.35
4.905 113.25 68127.70 68127.70
4.905 45.90 51849.38 51849.38
4.905 114.27 35933.31 35933.31
4.908 26.93 138023.92 138023.92
4.908 25.40 135355.17 135355.17
4.908 112.23 116638.04 116638.04
4.908 106.76 77579.34 77579.34
4.908 129.67 73005.37 73005.37
4.908 67.41 69202.89 69202.89
4.908 28.58 63730.17 63730.17
4.908 6.81 63078.54 63078.54
4.908 27.82 55209.35 55209.35
4.908 7.95 46401.76 46401.76
4.908 128.78 41574.31 41574.31
4.908 32.53 40606.12 40606.12
4.908 64.99 35623.13 35623.13
4.908 69.32 34887.08 34887.08
4.908 74.93 34600.88 34600.88
4.911 66.52 66607.85 66607.85
4.911 132.73 49428.93 49428.93
4.915 131.71 78139.18 78139.18
4.915 113.89 73798.00 73798.00
4.915 130.57 63513.89 63513.89
4.915 93.90 61989.67 61989.67
4.915 61.56 55373.56 55373.56
4.915 31.25 49087.82 49087.82
4.915 127.89 41892.55 41892.55
4.915 92.62 41103.72 41103.72
4.915 68.94 38568.28 38568.28
4.918 22.60 91945.31 91945.31
4.918 96.19 86045.76 86045.76
4.918 91.73 78079.74 78079.74
4.918 108.54 69853.79 69853.79
4.918 8.97 65983.76 65983.76
4.918 110.83 59934.85 59934.85
4.918 110.19 56982.26 56982.26
4.918 30.24 49884.98 49884.98
4.918 42.08 48391.49 48391.49
4.918 71.87 45273.21 45273.21
4.918 75.94 43847.95 43847.95
4.921 26.93 104313.96 104313.96
4.921 97.33 96815.58 96815.58
4.921 47.68 81609.91 81609.91
4.921 29.34 75337.96 75337.96
4.921 43.35 65039.94 65039.94
4.921 44.37 61564.24 61564.24
4.921 90.97 56066.57 56066.57
4.921 105.23 52047.00 52047.00
4.921 62.45 44528.57 44528.57
4.921 9.61 39106.85 39106.85
4.925 23.49 109192.58 109192.58
4.925 27.69 65520.05 65520.05
4.925 30.49 50842.99 50842.99
4.925 64.74 50032.44 50032.44
4.925 134.26 49858.23 49858.23
4.925 115.16 47686.56 47686.56
4.925 70.60 47640.82 47640.82
4.925 6.81 40704.02 40704.02
4.925 32.15 36288.29 36288.29
4.925 113.12 35107.99 35107.99
4.928 114.27 88759.52 88759.52
4.928 19.54 73082.22 73082.22
4.928 24.63 66297.17 66297.17
4.928 127.89 43857.87 43857.87
4.931 93.26 124237.13 124237.13
4.931 9.74 77044.33 77044.33
4.931 129.67 76743.49 76743.49
4.931 132.60 58973.10 58973.10
4.931 94.02 52888.72 52888.72
4.931 95.30 48178.26 48178.26
4.931 28.58 44715.65 44715.65
4.931 68.30 43092.57 43092.57
4.931 63.47 39852.38 39852.38
4.931 128.78 36384.28 36384.28
4.931 87.28 35384.94 35384.94
4.934 109.68 78488.34 78488.34
4.934 112.36 69234.29 69234.29
4.934 130.57 49057.85 49057.85
4.938 25.52 104435.80 104435.80
4.938 91.86 88524.89 88524.89
4.938 110.83 81045.24 81045.24
4.938 26.93 76651.73 76651.73
4.938 27.82 67484.39 67484.39
4.938 84.98 53025.79 53025.79
4.938 102.68 50210.31 50210.31
4.938 6.81 46677.81 46677.81
4.938 97.59 41171.99 41171.99
4.941 23.61 97040.53 97040.53
4.941 26.42 75992.02 75992.02
4.941 67.29 46826.77 46826.77
4.941 30.36 46060.27 46060.27
4.941 92.50 41679.38 41679.38
4.941 65.50 34824.34 34824.34
4.944 105.48 75864.97 75864.97
4.944 130.57 72514.01 72514.01
4.944 22.60 46795.91 46795.91
4.944 132.60 46453.04 46453.04
4.944 113.25 42646.74 42646.74
4.944 127.89 42209.67 42209.67
4.944 29.22 40418.08 40418.08
4.944 115.16 35612.77 35612.77
4.948 129.67 96255.32 96255.32
4.948 24.76 64572.13 64572.13
4.948 106.76 64034.87 64034.87
4.948 71.74 36175.29 36175.29
4.951 95.30 100959.28 100959.28
4.951 85.24 47515.45 47515.45
4.951 70.47 45731.06 45731.06
4.951 93.51 45062.74 45062.74
4.951 6.81 34517.52 34517.52
4.954 25.52 119959.55 119959.55
4.954 26.93 100265.19 100265.19
4.954 74.93 80220.06 80220.06
4.954 66.39 80076.65 80076.65
4.954 27.82 54676.61 54676.61
4.954 28.58 53319.86 53319.86
4.954 32.27 43711.63 43711.63
4.954 93.90 43571.12 43571.12
4.957 23.87 74625.71 74625.71
4.957 9.99 69078.87 69078.87
4.957 30.49 48353.54 48353.54
4.957 112.36 47056.90 47056.90
4.957 128.02 45120.25 45120.25
4.957 68.81 45002.97 45002.97
4.957 92.75 44484.18 44484.18
4.957 113.38 43640.63 43640.63
4.957 63.34 43383.64 43383.64
4.957 106.88 42444.66 42444.66
4.957 107.77 41471.39 41471.39
4.957 31.38 41464.04 41464.04
4.961 110.83 76131.17 76131.17
4.961 67.54 72615.32 72615.32
4.961 26.03 69992.84 69992.84
4.961 29.34 35229.60 35229.60
4.961 131.71 35226.13 35226.13
4.964 66.52 74598.87 74598.87
4.964 91.86 74377.11 74377.11
4.964 130.57 66884.22 66884.22
4.964 96.19 54886.71 54886.71
4.964 13.43 42459.33 42459.33
4.967 26.93 65034.60 65034.60
4.967 27.82 58063.26 58063.26
4.967 108.41 41588.34 41588.34
4.971 134.26 42392.02 42392.02
4.971 91.10 37465.98 37465.98
4.974 93.13 67914.03 67914.03
4.974 64.87 61741.24 61741.24
4.974 131.71 43582.93 43582.93
4.974 132.60 42485.79 42485.79
4.974 113.89 42419.20 42419.20
4.974 128.66 34907.33 34907.33
4.977 95.42 40726.23 40726.23
4.977 24.76 36930.41 36930.41
4.980 93.51 73303.15 73303.15
4.980 26.93 69793.89 69793.89
4.980 25.40 65041.07 65041.07
4.980 110.70 62724.37 62724.37
4.980 23.74 57194.32 57194.32
4.980 26.29 56104.38 56104.38
4.980 92.37 53568.66 53568.66
4.980 28.58 45629.93 45629.93
4.980 32.27 44592.30 44592.30
4.980 27.82 43675.02 43675.02
4.980 67.80 43041.13 43041.13
4.980 97.46 40564.55 40564.55
4.980 91.86 39160.54 39160.54
4.984 29.47 36466.95 36466.95
4.987 105.48 59921.18 59921.18
4.987 129.67 56238.39 56238.39
4.987 68.81 51124.42 51124.42
4.990 95.68 71641.94 71641.94
4.990 130.69 39727.67 39727.67
4.990 128.02 39412.56 39412.56
4.990 132.60 38244.43 38244.43
4.990 66.39 37904.78 37904.78
4.990 128.78 35504.67 35504.67
4.994 92.62 57413.33 57413.33
4.994 24.76 51813.66 51813.66
4.994 7.70 47681.90 47681.90
4.994 30.24 44911.97 44911.97
4.994 105.36 41964.63 41964.63
4.994 29.34 36542.28 36542.28
4.994 113.25 35243.25 35243.25
4.994 43.35 34623.49 34623.49
4.997 25.52 80395.89 80395.89
4.997 26.80 71607.98 71607.98
4.997 23.87 65213.53 65213.53
4.997 96.19 55782.32 55782.32
4.997 22.60 46895.33 46895.33
4.997 27.82 43506.71 43506.71
4.997 85.11 43011.71 43011.71
4.997 28.71 41560.80 41560.80
4.997 106.63 40719.73 40719.73
4.997 91.73 37699.37 37699.37
5.000 95.30 44974.83 44974.83
5.003 67.54 62779.85 62779.85
5.003 93.90 62003.67 62003.67
5.003 110.83 53588.40 53588.40
5.003 112.23 49107.11 49107.11
5.007 134.13 45810.01 45810.01
5.010 25.65 72192.53 72192.53
5.010 130.57 57227.01 57227.01
5.010 132.60 48278.97 48278.97
5.010 91.73 44243.47 44243.47
5.010 66.39 41604.33 41604.33
5.010 131.58 34904.28 34904.28
5.013 129.67 61236.28 61236.28
5.013 95.04 44117.59 44117.59
5.013 97.21 39329.32 39329.32
5.013 109.81 38646.62 38646.62
5.017 105.48 41929.25 41929.25
5.017 108.41 37658.41 37658.41
5.017 32.15 34937.05 34937.05
5.020 26.93 69618.04 69618.04
5.020 23.74 57472.76 57472.76
5.020 112.36 49182.05 49182.05
5.020 92.50 37589.22 37589.22
5.023 110.96 56926.99 56926.99
5.023 22.60 46007.41 46007.41
5.023 97.21 36826.80 36826.80
5.026 26.16 46624.06 46624.06
5.026 27.82 41454.73 41454.73
5.026 96.19 41361.91 41361.91
5.026 114.27 40283.85 40283.85
5.026 93.26 36272.01 36272.01
5.030 64.87 41567.11 41567.11
5.030 111.47 41434.05 41434.05
5.030 7.70 38885.75 38885.75
5.033 112.36 41954.29 41954.29
5.033 95.42 38887.38 38887.38
5.033 19.54 37090.23 37090.23
5.033 131.58 36705.33 36705.33
5.036 25.14 59614.06 59614.06
5.036 93.90 47424.61 47424.61
5.036 68.30 43223.78 43223.78
5.036 115.16 42685.19 42685.19
5.036 128.78 42252.04 42252.04
5.036 31.25 38212.06 38212.06
5.040 132.60 69646.44 69646.44
5.040 24.00 57259.22 57259.22
5.040 106.50 38191.44 38191.44
5.040 27.69 36859.00 36859.00
5.043 93.26 75470.64 75470.64
5.043 23.36 48211.21 48211.21
5.043 110.96 44654.52 44654.52
5.043 67.16 41100.45 41100.45
5.046 26.93 77794.30 77794.30
5.046 129.80 76777.04 76777.04
5.046 97.46 69911.04 69911.04
5.046 91.48 51606.37 51606.37
5.049 110.07 43921.23 43921.23
5.049 113.25 37422.16 37422.16
5.053 25.40 74480.31 74480.31
5.053 129.67 57613.65 57613.65
5.053 91.73 54549.70 54549.70
5.053 95.04 46917.32 46917.32
5.053 70.60 40827.26 40827.26
5.053 127.89 37847.86 37847.86
5.053 112.36 35512.15 35512.15
5.056 66.39 55481.41 55481.41
5.056 7.57 43175.23 43175.23
5.056 130.44 40988.44 40988.44
5.056 134.13 39363.78 39363.78
5.059 95.30 70573.59 70573.59
5.059 9.86 44944.81 44944.81
5.063 31.38 41329.67 41329.67
5.066 24.00 53482.63 53482.63
5.066 110.83 52533.81 52533.81
5.066 94.02 41815.28 41815.28
5.069 26.93 48538.92 48538.92
5.069 23.36 36201.40 36201.40
5.069 91.73 36025.22 36025.22
5.072 129.93 40303.95 40303.95
5.072 112.36 39053.29 39053.29
5.076 25.40 56818.45 56818.45
5.076 26.03 37156.13 37156.13
5.079 93.26 65773.29 65773.29
5.082 97.46 43479.85 43479.85
5.085 113.25 38918.02 38918.02
5.089 26.16 44850.00 44850.00
5.089 111.98 39283.29 39283.29
5.089 85.11 37851.02 37851.02
5.092 26.93 55389.50 55389.50
5.092 23.87 40498.86 40498.86
5.092 24.76 37480.15 37480.15
5.095 25.52 59269.92 59269.92
5.099 110.70 34825.47 34825.47
5.102 112.23 41672.12 41672.12
5.105 91.73 42500.24 42500.24
5.105 24.76 38411.41 38411.41
5.108 131.58 47260.09 47260.09
5.108 95.30 42770.83 42770.83
5.112 129.80 48423.19 48423.19
5.112 95.68 46046.20 46046.20
5.112 93.26 39458.72 39458.72
5.115 26.93 51399.81 51399.81
5.118 113.25 40591.38 40591.38
5.118 93.51 39650.34 39650.34
5.122 25.14 47060.53 47060.53
5.125 24.00 47853.10 47853.10
5.125 93.90 40402.58 40402.58
5.125 23.36 36329.00 36329.00
5.131 95.30 39359.88 39359.88
5.131 110.83 35476.80 35476.80
5.131 63.47 34546.30 34546.30
5.135 129.93 35651.54 35651.54
5.141 25.40 64142.10 64142.10
5.141 66.39 43125.80 43125.80
5.141 112.23 40277.98 40277.98
5.145 96.19 47952.44 47952.44
5.145 26.03 44797.92 44797.92
5.145 91.73 41858.84 41858.84
5.148 23.74 49688.91 49688.91
5.151 10.12 37084.77 37084.77
5.154 26.80 57081.03 57081.03
5.154 26.16 42447.05 42447.05
5.154 134.13 39998.11 39998.11
5.164 25.40 49245.88 49245.88
5.168 110.83 37831.23 37831.23
5.171 96.82 107299.83 107299.83
5.174 23.49 38276.56 38276.56
5.174 26.93 36156.49 36156.49
5.177 110.19 42584.99 42584.99
5.177 112.36 38443.10 38443.10
5.177 26.16 35791.48 35791.48
5.181 23.74 45086.24 45086.24
5.181 27.82 37847.96 37847.96
5.184 25.40 49317.59 49317.59
5.184 91.73 38794.74 38794.74
5.184 130.57 38579.86 38579.86
5.184 128.15 34760.56 34760.56
5.191 69.20 34927.43 34927.43
5.194 67.54 38915.83 38915.83
5.194 93.26 37945.53 37945.53
5.197 70.47 43614.94 43614.94
5.197 97.33 41261.26 41261.26
5.200 95.04 102418.80 102418.80
5.204 26.16 48591.06 48591.06
5.204 26.93 44883.84 44883.84
5.204 112.23 37333.91 37333.91
5.207 91.86 37431.12 37431.12
5.210 23.87 39011.18 39011.18
5.210 25.02 37042.92 37042.92
5.217 25.78 46287.33 46287.33
5.223 94.79 6412591.00 6412591.00
5.223 95.81 214096.92 214096.92
5.223 96.57 109246.08 109246.08
5.227 93.77 89221.75 89221.75
5.227 74.16 71478.51 71478.51
5.227 97.33 52419.07 52419.07
5.227 98.73 40514.30 40514.30
5.230 93.01 56775.02 56775.02
5.230 91.73 42955.08 42955.08
5.236 130.57 35840.77 35840.77
5.243 26.93 40854.19 40854.19
5.250 98.61 112480.60 112480.60
5.253 130.57 67979.39 67979.39
5.253 25.27 40550.47 40550.47
5.256 95.42 39803.32 39803.32
5.269 25.27 35054.96 35054.96
5.276 91.73 35189.67 35189.67
5.282 25.27 38668.29 38668.29
5.286 23.23 39063.18 39063.18
5.289 26.16 35510.46 35510.46
5.292 25.52 45400.62 45400.62
5.305 26.93 35935.09 35935.09
5.315 25.14 48950.63 48950.63
5.358 25.40 45391.52 45391.52
5.358 23.87 36400.57 36400.57
5.361 26.93 37093.27 37093.27
5.391 95.04 50099.47 50099.47
5.391 25.40 37390.53 37390.53
5.394 110.70 35627.29 35627.29
5.404 95.04 67123.02 67123.02
5.424 25.52 35247.20 35247.20
5.427 91.86 44007.70 44007.70
5.440 26.93 38337.07 38337.07
5.440 129.67 38133.54 38133.54
5.483 25.14 42913.92 42913.92
5.558 92.75 42574.48 42574.48
5.594 25.65 37978.35 37978.35
5.657 23.87 34706.76 34706.76
5.732 25.52 36459.99 36459.99
5.837 94.79 77920.64 77920.64
6.468 94.92 35912.31 35912.31
6.878 118.72 119334.59 119334.59
7.045 119.74 74833.85 74833.85
7.170 133.49 68491.15 68491.15
7.216 123.82 1390248.13 1390248.13
7.216 124.84 84219.53 84219.53
7.308 128.02 54104.71 54104.71
7.311 132.09 66477.53 66477.53
7.410 131.84 47588.12 47588.12
7.525 114.78 58055.28 58055.28
8.017 138.20 322153.47 322153.47
