0.832 16.60 27078.02 27078.02
0.852 23.20 186376.94 186376.94
0.904 23.45 164363.31 164363.31
0.908 24.72 17383.37 17383.37
0.917 25.10 23935.16 23935.16
0.940 23.71 61286.86 61286.86
0.953 24.85 62402.21 62402.21
0.967 19.39 93648.23 93648.23
0.989 17.62 30802.94 30802.94
1.019 20.92 100663.26 100663.26
1.133 20.92 123691.41 123691.41
1.192 20.92 28552.76 28552.76
1.205 32.72 19208.38 19208.38
1.218 32.59 50984.99 50984.99
1.281 22.18 62357.88 62357.88
1.323 22.95 1062046.88 1062046.88
1.326 71.42 82387.41 82387.41
1.369 24.98 79421.45 79421.45
1.454 19.39 146904.16 146904.16
1.454 53.66 22267.33 22267.33
1.542 28.66 54951.73 54951.73
1.575 28.02 47336.46 47336.46
1.621 27.01 49173.97 49173.97
1.699 27.01 23117.13 23117.13
1.703 43.12 29769.17 29769.17
1.706 29.42 20656.38 20656.38
1.716 24.98 33909.01 33909.01
1.804 23.33 175317.56 175317.56
1.820 24.98 113342.73 113342.73
1.833 23.45 200041.19 200041.19
1.840 24.98 20955.93 20955.93
1.840 33.61 19669.35 19669.35
1.843 31.58 20400.93 20400.93
1.873 25.10 23084.50 23084.50
1.896 25.10 119242.97 119242.97
1.915 26.12 28560.35 28560.35
1.984 26.50 21621.59 21621.59
2.033 30.56 24634.58 24634.58
2.069 30.56 39035.34 39035.34
2.082 24.98 170774.03 170774.03
2.102 25.10 30739.92 30739.92
2.115 25.10 38844.14 38844.14
2.167 24.98 186263.34 186263.34
2.190 40.08 179604.36 179604.36
2.203 25.48 35618.43 35618.43
2.223 32.21 28308.20 28308.20
2.233 25.23 99298.69 99298.69
2.255 24.98 14627850.00 14627850.00
2.259 25.99 74162.12 74162.12
2.259 4.93 66432.44 66432.44
2.259 27.01 65274.90 65274.90
2.259 28.40 23396.84 23396.84
2.262 1.88 25643.08 25643.08
2.262 21.80 21162.42 21162.42
2.262 137.66 19655.69 19655.69
2.262 88.93 19382.43 19382.43
2.262 0.74 18005.26 18005.26
2.265 5.31 55659.16 55659.16
2.265 6.32 18185.39 18185.39
2.269 36.40 19117.54 19117.54
2.272 25.61 93636.51 93636.51
2.285 25.61 21616.80 21616.80
2.291 25.10 81835.63 81835.63
2.305 25.10 106198.69 106198.69
2.314 26.50 18508.10 18508.10
2.314 34.62 18054.10 18054.10
2.321 25.36 32293.47 32293.47
2.327 48.45 39544.87 39544.87
2.331 34.62 25434.46 25434.46
2.340 25.10 161851.78 161851.78
2.344 26.37 25222.68 25222.68
2.344 27.39 21216.79 21216.79
2.370 25.61 20303.11 20303.11
2.393 25.10 56675.78 56675.78
2.393 32.46 32334.22 32334.22
2.406 33.99 95208.60 95208.60
2.409 25.36 25053.38 25053.38
2.412 48.58 21068.10 21068.10
2.432 25.10 218079.63 218079.63
2.439 36.52 86486.51 86486.51
2.475 48.58 44810.33 44810.33
2.488 48.45 82556.68 82556.68
2.507 48.33 1532179.02 1532179.02
2.507 49.34 39439.86 39439.86
2.511 51.88 19422.24 19422.24
2.527 53.02 26100.56 26100.56
2.530 48.33 2004675.73 2004675.73
2.530 49.34 44265.93 44265.93
2.530 50.36 33258.16 33258.16
2.530 49.98 32807.64 32807.64
2.530 51.50 19122.46 19122.46
2.573 25.48 22724.78 22724.78
2.619 25.10 132049.25 132049.25
2.635 48.58 51655.27 51655.27
2.641 25.10 22558.10 22558.10
2.655 48.33 1913463.50 1913463.50
2.655 49.34 47178.60 47178.60
2.655 49.85 22104.95 22104.95
2.655 50.99 18224.25 18224.25
2.658 25.23 21853.26 21853.26
2.671 25.10 38001.84 38001.84
2.674 48.33 1609334.25 1609334.25
2.674 16.60 43426.14 43426.14
2.677 49.34 49752.13 49752.13
2.677 50.48 19247.86 19247.86
2.691 25.10 87422.95 87422.95
2.697 48.45 48224.31 48224.31
2.707 25.86 30561.63 30561.63
2.710 48.58 33054.76 33054.76
2.798 24.98 42798.51 42798.51
2.834 48.33 46796.46 46796.46
2.857 48.58 17727.71 17727.71
3.014 42.24 72549.97 72549.97
3.031 39.82 24781.90 24781.90
3.034 33.10 25810.76 25810.76
3.067 77.13 29392.58 29392.58
3.096 48.58 26121.12 26121.12
3.103 74.34 20015.43 20015.43
3.145 25.10 88413.67 88413.67
3.207 56.83 240657.56 240657.56
3.214 75.99 19703.51 19703.51
3.220 56.83 146090.53 146090.53
3.230 77.13 172171.91 172171.91
3.230 43.50 22103.19 22103.19
3.234 78.02 23390.03 23390.03
3.247 77.13 1231024.50 1231024.50
3.247 78.66 163522.96 163522.96
3.247 78.15 27671.16 27671.16
3.247 80.18 18216.02 18216.02
3.260 77.13 205957.15 205957.15
3.260 56.19 86709.23 86709.23
3.260 78.02 19770.39 19770.39
3.279 77.13 43199.43 43199.43
3.296 77.13 25098.95 25098.95
3.332 49.21 18154.48 18154.48
3.348 83.22 49831.98 49831.98
3.351 72.69 62844.79 62844.79
3.355 51.88 282459.84 282459.84
3.368 72.82 29682.79 29682.79
3.371 79.54 33293.03 33293.03
3.381 70.91 225549.64 225549.64
3.381 72.69 49065.37 49065.37
3.381 73.96 17842.49 17842.49
3.387 72.44 196912.60 196912.60
3.397 73.83 141627.03 141627.03
3.397 78.91 96382.48 96382.48
3.397 74.85 91894.55 91894.55
3.397 70.28 57838.93 57838.93
3.397 75.99 56326.93 56326.93
3.397 77.01 40272.40 40272.40
3.397 80.05 34529.02 34529.02
3.397 83.35 21545.83 21545.83
3.397 81.19 17889.78 17889.78
3.400 82.21 18469.19 18469.19
3.404 75.74 27339.97 27339.97
3.407 72.56 1502840.39 1502840.39
3.407 78.78 246357.17 246357.17
3.407 73.45 65540.93 65540.93
3.407 81.83 21121.37 21121.37
3.410 75.48 49675.86 49675.86
3.410 79.80 23821.58 23821.58
3.410 48.96 22804.44 22804.44
3.410 80.81 21043.78 21043.78
3.413 74.21 62945.58 62945.58
3.413 83.22 23499.21 23499.21
3.420 72.56 471380.80 471380.80
3.420 73.45 39087.68 39087.68
3.423 77.01 63867.09 63867.09
3.423 63.94 48698.45 48698.45
3.423 75.74 23945.38 23945.38
3.427 73.83 35857.80 35857.80
3.427 77.89 25906.29 25906.29
3.436 80.43 32167.83 32167.83
3.440 69.52 48488.59 48488.59
3.456 78.78 758489.08 758489.08
3.456 79.92 24764.82 24764.82
3.459 80.94 24422.69 24422.69
3.463 63.68 62270.48 62270.48
3.466 72.56 228283.18 228283.18
3.476 78.78 745367.81 745367.81
3.476 79.67 63005.90 63005.90
3.476 80.94 23420.30 23420.30
3.476 82.08 20444.09 20444.09
3.492 78.66 838191.24 838191.24
3.492 77.13 63091.33 63091.33
3.492 80.94 23426.91 23426.91
3.495 72.56 119575.78 119575.78
3.495 79.67 47220.48 47220.48
3.505 78.66 186924.53 186924.53
3.505 80.05 37764.10 37764.10
3.505 81.07 25941.87 25941.87
3.512 74.98 18752.50 18752.50
3.518 63.81 20257.04 20257.04
3.521 44.77 107352.25 107352.25
3.528 74.34 424862.36 424862.36
3.528 78.91 22159.50 22159.50
3.538 75.61 156824.68 156824.68
3.538 69.52 50280.52 50280.52
3.544 74.34 747672.27 747672.27
3.544 63.55 139177.89 139177.89
3.544 78.78 20528.67 20528.67
3.554 69.52 30641.73 30641.73
3.561 66.85 22256.48 22256.48
3.564 65.46 20493.63 20493.63
3.567 74.72 17916.57 17916.57
3.580 74.85 18158.77 18158.77
3.587 78.91 17544.73 17544.73
3.590 72.44 54129.62 54129.62
3.590 65.58 32866.75 32866.75
3.590 63.68 22933.74 22933.74
3.597 25.10 25098.22 25098.22
3.613 62.67 23133.28 23133.28
3.616 57.59 203389.45 203389.45
3.616 75.36 17775.03 17775.03
3.620 74.59 21808.56 21808.56
3.623 63.81 27201.73 27201.73
3.639 65.46 23750.89 23750.89
3.649 68.76 42877.90 42877.90
3.649 78.78 22457.51 22457.51
3.649 63.81 21838.61 21838.61
3.652 75.48 26597.14 26597.14
3.659 65.58 31139.74 31139.74
3.662 57.72 82605.68 82605.68
3.669 72.56 17614.34 17614.34
3.672 63.81 54659.17 54659.17
3.675 75.86 20700.75 20700.75
3.682 65.71 23319.03 23319.03
3.685 56.45 36326.53 36326.53
3.688 63.81 60974.87 60974.87
3.688 57.72 22319.35 22319.35
3.692 66.22 24911.81 24911.81
3.695 79.04 18546.27 18546.27
3.698 77.01 52225.01 52225.01
3.698 78.02 32853.53 32853.53
3.698 59.87 23886.95 23886.95
3.705 72.56 49693.25 49693.25
3.708 75.74 762746.51 762746.51
3.708 76.50 43867.54 43867.54
3.711 74.47 76124.17 76124.17
3.711 66.47 19822.58 19822.58
3.711 77.39 19081.17 19081.17
3.714 78.78 61719.10 61719.10
3.718 63.68 872429.38 872429.38
3.718 65.46 32814.67 32814.67
3.721 76.75 61221.30 61221.30
3.721 72.56 34225.80 34225.80
3.721 77.77 25104.85 25104.85
3.724 75.74 154585.70 154585.70
3.724 66.98 20739.67 20739.67
3.728 64.95 58077.11 58077.11
3.728 65.97 25957.44 25957.44
3.731 63.68 506150.25 506150.25
3.731 78.78 56000.91 56000.91
3.734 64.44 30798.98 30798.98
3.734 65.58 24435.82 24435.82
3.747 53.53 111223.20 111223.20
3.750 75.74 18287.90 18287.90
3.754 63.43 142097.26 142097.26
3.757 72.44 34312.67 34312.67
3.757 74.47 31470.11 31470.11
3.763 75.61 25967.21 25967.21
3.770 62.16 33837.49 33837.49
3.770 64.82 33444.90 33444.90
3.770 65.97 23559.37 23559.37
3.773 63.43 311136.68 311136.68
3.773 74.47 28345.41 28345.41
3.777 65.20 19416.34 19416.34
3.780 75.23 19965.00 19965.00
3.786 74.98 21465.68 21465.68
3.790 70.53 32364.03 32364.03
3.799 63.81 30375.76 30375.76
3.813 74.21 286668.05 286668.05
3.813 65.33 22166.00 22166.00
3.816 75.23 65522.57 65522.57
3.819 83.48 19489.13 19489.13
3.822 74.21 741245.50 741245.50
3.826 79.04 19731.29 19731.29
3.829 72.56 40584.07 40584.07
3.829 65.33 28061.64 28061.64
3.832 63.43 648632.71 648632.71
3.832 74.21 431962.28 431962.28
3.835 65.58 36987.60 36987.60
3.835 75.23 27425.78 27425.78
3.845 65.46 18389.70 18389.70
3.849 63.43 321238.83 321238.83
3.849 58.10 28392.72 28392.72
3.862 75.10 20098.45 20098.45
3.862 59.37 20008.00 20008.00
3.865 63.94 54543.54 54543.54
3.868 72.56 28118.11 28118.11
3.878 70.79 81051.52 81051.52
3.885 64.95 29423.75 29423.75
3.885 74.98 20486.79 20486.79
3.888 63.68 1077648.75 1077648.75
3.888 72.56 26853.71 26853.71
3.888 66.35 20747.26 20747.26
3.891 78.91 28187.97 28187.97
3.894 68.88 25729.87 25729.87
3.901 63.55 813729.73 813729.73
3.904 64.95 48904.68 48904.68
3.911 72.69 155464.84 155464.84
3.911 74.34 45504.48 45504.48
3.927 56.70 49446.43 49446.43
3.930 59.37 29973.83 29973.83
3.934 73.58 31353.30 31353.30
3.937 72.31 43674.87 43674.87
3.973 74.47 17708.49 17708.49
3.976 58.22 27377.06 27377.06
3.979 71.93 67739.31 67739.31
3.979 63.68 38341.73 38341.73
3.999 72.06 73232.56 73232.56
3.999 76.37 19601.63 19601.63
4.009 66.22 26841.04 26841.04
4.022 75.23 29377.94 29377.94
4.042 72.06 39608.57 39608.57
4.048 24.98 18570.91 18570.91
4.051 59.24 49687.64 49687.64
4.064 75.23 30958.13 30958.13
4.078 68.25 27709.15 27709.15
4.114 71.42 711013.88 711013.88
4.117 72.44 67664.36 67664.36
4.117 22.95 26814.02 26814.02
4.120 64.06 61043.96 61043.96
4.120 73.45 24097.62 24097.62
4.150 70.15 43865.61 43865.61
4.163 61.52 17477.17 17477.17
4.166 14.70 18034.41 18034.41
4.176 61.27 28132.18 28132.18
4.179 53.02 17558.75 17558.75
4.205 98.83 53082.15 53082.15
4.208 71.42 17693.72 17693.72
4.248 103.27 18137.58 18137.58
4.254 1.12 19462.72 19462.72
4.254 38.17 17633.21 17633.21
4.257 74.34 20517.59 20517.59
4.274 106.83 17950.46 17950.46
4.277 62.29 29328.73 29328.73
4.287 71.17 17557.19 17557.19
4.297 72.56 20921.31 20921.31
4.300 32.72 20316.15 20316.15
4.300 123.58 18949.52 18949.52
4.307 62.29 21565.32 21565.32
4.307 100.48 17484.52 17484.52
4.310 38.17 18187.40 18187.40
4.316 83.73 21385.23 21385.23
4.316 139.19 20114.37 20114.37
4.320 69.26 23730.82 23730.82
4.320 79.04 22187.69 22187.69
4.323 86.02 18717.39 18717.39
4.326 73.45 20662.74 20662.74
4.339 6.45 17535.81 17535.81
4.369 82.21 18398.61 18398.61
4.378 113.81 19356.45 19356.45
4.408 115.84 24447.47 24447.47
4.418 83.60 19451.76 19451.76
4.418 7.72 18804.48 18804.48
4.424 38.05 24288.77 24288.77
4.424 2.01 19163.80 19163.80
4.434 115.96 18036.09 18036.09
4.441 108.86 22372.08 22372.08
4.454 72.44 26741.00 26741.00
4.457 0.87 19082.87 19082.87
4.464 106.83 23645.34 23645.34
4.464 139.19 19898.26 19898.26
4.464 50.99 18966.41 18966.41
4.464 48.96 18769.88 18769.88
4.467 26.50 19012.21 19012.21
4.467 78.27 18679.35 18679.35
4.467 130.30 17826.52 17826.52
4.470 115.96 22643.97 22643.97
4.470 16.35 21539.36 21539.36
4.470 85.64 18076.21 18076.21
4.473 65.46 19928.67 19928.67
4.473 24.85 19389.49 19389.49
4.473 104.80 19126.51 19126.51
4.477 38.17 25593.46 25593.46
4.477 49.47 18956.08 18956.08
4.480 52.26 21715.30 21715.30
4.480 71.30 18540.02 18540.02
4.480 86.02 18249.76 18249.76
4.483 34.75 20249.90 20249.90
4.483 86.27 19526.80 19526.80
4.483 30.43 18356.97 18356.97
4.483 117.36 17930.36 17930.36
4.486 78.66 19185.75 19185.75
4.493 0.99 31736.31 31736.31
4.493 138.05 20034.75 20034.75
4.493 16.73 18899.18 18899.18
4.496 103.27 24581.72 24581.72
4.500 62.16 21987.45 21987.45
4.500 74.85 19902.90 19902.90
4.500 108.86 19710.38 19710.38
4.503 23.07 34409.51 34409.51
4.503 33.23 19764.73 19764.73
4.503 106.70 18691.97 18691.97
4.506 17.24 24854.14 24854.14
4.506 24.72 20118.85 20118.85
4.509 97.82 18747.08 18747.08
4.513 138.05 21446.66 21446.66
4.516 108.86 27243.37 27243.37
4.516 74.98 18785.90 18785.90
4.519 87.79 26023.22 26023.22
4.519 83.22 21884.44 21884.44
4.519 33.48 18703.16 18703.16
4.522 30.81 17456.81 17456.81
4.526 125.48 33488.55 33488.55
4.526 103.27 30666.98 30666.98
4.526 49.60 27837.87 27837.87
4.526 38.05 26415.76 26415.76
4.526 18.89 25666.76 25666.76
4.526 139.19 25503.42 25503.42
4.526 129.04 20174.28 20174.28
4.526 113.68 19366.64 19366.64
4.526 12.29 18698.74 18698.74
4.529 105.18 31963.45 31963.45
4.529 16.22 20286.10 20286.10
4.529 53.02 18987.60 18987.60
4.532 0.99 35407.71 35407.71
4.532 30.69 18381.94 18381.94
4.536 108.86 24343.11 24343.11
4.539 5.18 23330.82 23330.82
4.539 117.11 18233.53 18233.53
4.542 2.01 28599.47 28599.47
4.545 135.51 20543.95 20543.95
4.549 20.66 23423.61 23423.61
4.549 69.14 22991.79 22991.79
4.549 23.20 22893.21 22893.21
4.549 28.66 21787.80 21787.80
4.549 108.98 18510.94 18510.94
4.552 138.17 32753.71 32753.71
4.552 72.44 32437.24 32437.24
4.552 16.22 23988.59 23988.59
4.552 12.16 20543.45 20543.45
4.552 106.95 18535.21 18535.21
4.552 122.94 17604.85 17604.85
4.552 119.26 17385.85 17385.85
4.555 134.37 23486.06 23486.06
4.555 117.11 22368.84 22368.84
4.558 98.83 55640.23 55640.23
4.558 25.36 33137.57 33137.57
4.558 107.34 28740.87 28740.87
4.558 95.15 21454.97 21454.97
4.558 9.75 20107.74 20107.74
4.562 123.71 26053.79 26053.79
4.562 5.43 25719.18 25719.18
4.562 0.87 22075.60 22075.60
4.562 97.44 18107.67 18107.67
4.562 53.15 18024.96 18024.96
4.562 29.93 17950.99 17950.99
4.565 34.75 51778.47 51778.47
4.565 55.43 38089.40 38089.40
4.565 117.23 30457.74 30457.74
4.565 66.60 27303.69 27303.69
4.565 30.31 25418.72 25418.72
4.565 23.71 20400.66 20400.66
4.565 65.46 18688.63 18688.63
4.565 103.15 17567.36 17567.36
4.565 100.36 17432.88 17432.88
4.565 42.36 17415.18 17415.18
4.568 32.34 28138.13 28138.13
4.568 112.41 26448.98 26448.98
4.568 130.56 23159.93 23159.93
4.568 128.15 19551.72 19551.72
4.572 46.17 30454.28 30454.28
4.572 69.52 27190.33 27190.33
4.572 86.52 23197.39 23197.39
4.572 52.77 17422.40 17422.40
4.575 113.81 25996.17 25996.17
4.578 78.78 24090.17 24090.17
4.578 116.09 19385.69 19385.69
4.578 67.87 18988.69 18988.69
4.581 5.43 26860.16 26860.16
4.581 100.48 25241.95 25241.95
4.581 57.46 23750.98 23750.98
4.581 27.01 23298.17 23298.17
4.581 3.28 20067.28 20067.28
4.581 117.36 19781.94 19781.94
4.585 82.97 29818.14 29818.14
4.585 76.50 26515.22 26515.22
4.585 17.11 21779.14 21779.14
4.585 12.41 20009.12 20009.12
4.585 25.23 18356.14 18356.14
4.588 46.42 22527.72 22527.72
4.588 119.77 20967.81 20967.81
4.588 30.18 18199.02 18199.02
4.588 49.34 17988.31 17988.31
4.591 87.28 40475.81 40475.81
4.591 53.15 30276.97 30276.97
4.591 34.87 28934.09 28934.09
4.591 70.03 25999.55 25999.55
4.591 43.12 24278.47 24278.47
4.591 30.94 24197.76 24197.76
4.591 14.57 23854.61 23854.61
4.591 55.56 21233.09 21233.09
4.591 106.57 17487.74 17487.74
4.594 130.18 24285.68 24285.68
4.594 38.05 24037.63 24037.63
4.594 19.65 20515.96 20515.96
4.594 120.03 18008.48 18008.48
4.598 61.78 31656.72 31656.72
4.598 108.98 28921.70 28921.70
4.598 139.06 25775.06 25775.06
4.598 28.78 21958.78 21958.78
4.598 27.13 20617.35 20617.35
4.598 103.27 18427.00 18427.00
4.601 0.87 48545.22 48545.22
4.601 120.28 18649.33 18649.33
4.601 99.34 17955.87 17955.87
4.604 5.56 27828.41 27828.41
4.604 7.72 26605.34 26605.34
4.604 3.40 17455.20 17455.20
4.607 135.00 25592.81 25592.81
4.607 22.82 21301.84 21301.84
4.607 14.57 19420.42 19420.42
4.611 108.98 41631.72 41631.72
4.611 117.36 35888.21 35888.21
4.611 6.58 29872.25 29872.25
4.611 103.27 23214.09 23214.09
4.611 105.56 21853.89 21853.89
4.611 99.59 20372.54 20372.54
4.611 136.27 19454.46 19454.46
4.611 15.97 17592.90 17592.90
4.614 70.41 33208.13 33208.13
4.614 106.70 28536.00 28536.00
4.614 25.23 26238.67 26238.67
4.614 97.82 20889.23 20889.23
4.614 92.49 19172.75 19172.75
4.614 72.31 17816.29 17816.29
4.614 17.36 17790.70 17790.70
4.614 44.90 17700.64 17700.64
4.617 90.71 41769.54 41769.54
4.617 113.68 32297.89 32297.89
4.617 76.88 30283.43 30283.43
4.617 100.48 29623.12 29623.12
4.617 9.24 27551.34 27551.34
4.617 125.36 20707.93 20707.93
4.617 62.03 19026.00 19026.00
4.617 27.39 19020.32 19020.32
4.617 111.52 18764.30 18764.30
4.617 70.91 17851.64 17851.64
4.621 0.99 73040.22 73040.22
4.621 37.92 48024.31 48024.31
4.621 49.47 44992.38 44992.38
4.621 19.39 38786.69 38786.69
4.621 3.40 31207.10 31207.10
4.621 112.67 28783.11 28783.11
4.621 64.44 25621.47 25621.47
4.621 57.59 23024.76 23024.76
4.621 131.45 22985.56 22985.56
4.621 67.87 20431.96 20431.96
4.621 115.96 18158.59 18158.59
4.624 139.06 39054.75 39054.75
4.624 137.79 36922.87 36922.87
4.624 38.68 31230.05 31230.05
4.624 92.74 21444.53 21444.53
4.624 18.50 19754.86 19754.86
4.624 48.58 18518.15 18518.15
4.627 81.83 29830.13 29830.13
4.627 86.52 25925.97 25925.97
4.627 103.27 24257.03 24257.03
4.627 79.16 23151.14 23151.14
4.627 28.53 22466.99 22466.99
4.627 30.05 20829.21 20829.21
4.627 30.94 18861.33 18861.33
4.627 50.86 18856.93 18856.93
4.627 120.66 18733.73 18733.73
4.627 65.71 18670.51 18670.51
4.630 49.72 59453.23 59453.23
4.630 119.64 30873.57 30873.57
4.630 14.57 24571.90 24571.90
4.630 95.41 23059.31 23059.31
4.630 87.92 22762.31 22762.31
4.634 12.29 74752.96 74752.96
4.634 117.49 48111.10 48111.10
4.634 23.07 30225.84 30225.84
4.634 128.02 30000.15 30000.15
4.637 65.84 42774.92 42774.92
4.637 50.99 33371.16 33371.16
4.637 64.70 31866.19 31866.19
4.637 73.20 30049.52 30049.52
4.637 7.46 22123.42 22123.42
4.637 75.10 20368.95 20368.95
4.637 6.32 18497.37 18497.37
4.640 38.17 35886.06 35886.06
4.640 30.05 30192.12 30192.12
4.640 5.18 28486.14 28486.14
4.640 139.19 23742.45 23742.45
4.640 120.66 20235.36 20235.36
4.640 116.09 19759.58 19759.58
4.643 14.57 70717.68 70717.68
4.643 103.27 53649.62 53649.62
4.643 100.74 42270.72 42270.72
4.643 133.10 28572.67 28572.67
4.643 39.44 24399.36 24399.36
4.643 82.08 24336.73 24336.73
4.647 98.83 1135051.38 1135051.38
4.647 108.98 62745.55 62745.55
4.647 101.88 32480.17 32480.17
4.647 53.15 29845.85 29845.85
4.647 22.44 29772.13 29772.13
4.647 68.00 22194.70 22194.70
4.647 57.72 19332.06 19332.06
4.647 72.44 18450.81 18450.81
4.650 30.56 52464.59 52464.59
4.650 100.10 50962.02 50962.02
4.650 77.01 50694.10 50694.10
4.650 105.18 27618.23 27618.23
4.650 55.69 24580.46 24580.46
4.653 14.57 50755.36 50755.36
4.653 103.27 35999.44 35999.44
4.653 42.11 26420.63 26420.63
4.653 30.18 22692.90 22692.90
4.653 106.83 20714.52 20714.52
4.657 46.04 34189.93 34189.93
4.657 24.60 28836.38 28836.38
4.657 38.17 25806.24 25806.24
4.657 117.36 24897.01 24897.01
4.657 113.81 23633.32 23633.32
4.657 137.92 22695.86 22695.86
4.657 32.46 22449.69 22449.69
4.657 115.96 17527.08 17527.08
4.660 30.94 41285.99 41285.99
4.660 52.13 29407.62 29407.62
4.660 5.43 21019.89 21019.89
4.660 58.61 21013.07 21013.07
4.660 73.45 19675.83 19675.83
4.660 75.23 18955.82 18955.82
4.660 16.09 17775.94 17775.94
4.663 112.41 28721.82 28721.82
4.663 68.00 27580.79 27580.79
4.663 134.11 24712.44 24712.44
4.663 34.75 23229.38 23229.38
4.663 128.02 20710.32 20710.32
4.663 56.83 18385.98 18385.98
4.663 22.31 17429.17 17429.17
4.666 24.72 51976.94 51976.94
4.666 70.41 49360.87 49360.87
4.666 65.97 25114.65 25114.65
4.666 89.06 20083.68 20083.68
4.666 92.74 19886.49 19886.49
4.670 83.22 46915.72 46915.72
4.670 115.84 40872.17 40872.17
4.670 113.81 39112.59 39112.59
4.670 14.70 34163.59 34163.59
4.670 117.36 33220.31 33220.31
4.670 28.53 31221.70 31221.70
4.670 138.05 29182.45 29182.45
4.670 72.06 28369.47 28369.47
4.670 12.16 27637.22 27637.22
4.670 123.83 22263.96 22263.96
4.670 27.01 22144.61 22144.61
4.670 103.27 21193.66 21193.66
4.670 50.86 19092.69 19092.69
4.670 5.31 17851.92 17851.92
4.673 100.36 41687.31 41687.31
4.673 64.57 34255.03 34255.03
4.673 139.19 23089.76 23089.76
4.673 33.35 20835.82 20835.82
4.673 102.01 19276.87 19276.87
4.673 86.40 18243.08 18243.08
4.673 8.73 18023.24 18023.24
4.676 34.75 36606.23 36606.23
4.676 23.20 34427.86 34427.86
4.676 135.25 33232.29 33232.29
4.676 6.58 24706.36 24706.36
4.676 19.01 24693.13 24693.13
4.676 84.75 19882.60 19882.60
4.679 46.17 28605.40 28605.40
4.679 3.53 25344.44 25344.44
4.679 42.49 24067.00 24067.00
4.679 2.01 21359.30 21359.30
4.683 12.29 47702.32 47702.32
4.683 66.60 44278.88 44278.88
4.683 28.66 32308.80 32308.80
4.683 106.95 31328.14 31328.14
4.683 7.46 28236.16 28236.16
4.683 112.41 25956.32 25956.32
4.683 89.06 23905.70 23905.70
4.683 136.40 23389.77 23389.77
4.683 75.36 23029.65 23029.65
4.683 123.71 22573.04 22573.04
4.683 81.83 21602.65 21602.65
4.683 83.22 21103.70 21103.70
4.686 139.19 53394.74 53394.74
4.686 0.99 51119.98 51119.98
4.686 14.57 48649.53 48649.53
4.686 103.15 37896.43 37896.43
4.686 108.86 37332.74 37332.74
4.686 113.81 34392.55 34392.55
4.686 117.36 33113.95 33113.95
4.686 73.58 31922.53 31922.53
4.686 115.96 31407.29 31407.29
4.686 65.71 29435.56 29435.56
4.686 72.18 28886.99 28886.99
4.686 5.31 28042.17 28042.17
4.686 38.17 27940.91 27940.91
4.686 16.09 25404.74 25404.74
4.686 27.13 24669.88 24669.88
4.686 100.48 24476.17 24476.17
4.686 137.92 22488.73 22488.73
4.686 30.31 21865.09 21865.09
4.686 70.91 20759.04 20759.04
4.689 86.52 52683.20 52683.20
4.689 8.99 22333.34 22333.34
4.689 119.64 21578.52 21578.52
4.689 22.31 18463.54 18463.54
4.693 51.12 34863.97 34863.97
4.693 34.75 32611.26 32611.26
4.693 22.95 29394.26 29394.26
4.693 135.25 28656.40 28656.40
4.693 76.75 28421.39 28421.39
4.693 95.41 27968.66 27968.66
4.693 57.46 24507.35 24507.35
4.693 125.36 19882.44 19882.44
4.693 68.00 19835.23 19835.23
4.693 53.02 18469.35 18469.35
4.696 46.17 33463.73 33463.73
4.699 103.15 66921.98 66921.98
4.699 38.30 57741.55 57741.55
4.699 137.92 56802.88 56802.88
4.699 86.78 55408.71 55408.71
4.699 139.19 53805.00 53805.00
4.699 30.31 51854.49 51854.49
4.699 108.86 49448.96 49448.96
4.699 66.60 43457.76 43457.76
4.699 72.18 41975.60 41975.60
4.699 28.66 40575.19 40575.19
4.699 27.01 39957.92 39957.92
4.699 23.20 37841.22 37841.22
4.699 115.96 36954.97 36954.97
4.699 117.23 36325.27 36325.27
4.699 5.31 34496.38 34496.38
4.699 123.83 33872.94 33872.94
4.699 105.05 33147.67 33147.67
4.699 106.95 32290.48 32290.48
4.699 118.12 32089.04 32089.04
4.699 83.10 30134.09 30134.09
4.699 48.71 27926.78 27926.78
4.699 57.21 27566.17 27566.17
4.699 24.85 27177.06 27177.06
4.699 81.70 21922.53 21922.53
4.699 58.86 19915.12 19915.12
4.699 119.77 19008.59 19008.59
4.699 70.15 18899.73 18899.73
4.699 113.93 18210.94 18210.94
4.702 128.02 61909.34 61909.34
4.702 112.54 49618.04 49618.04
4.702 42.49 48819.26 48819.26
4.702 31.07 47861.08 47861.08
4.702 64.57 38376.82 38376.82
4.702 19.01 34362.55 34362.55
4.702 49.85 28330.82 28330.82
4.706 34.75 47714.80 47714.80
4.706 9.24 40973.35 40973.35
4.706 53.15 37061.92 37061.92
4.706 125.48 32360.98 32360.98
4.706 120.15 23398.11 23398.11
4.706 55.69 20585.98 20585.98
4.706 90.58 17750.14 17750.14
4.706 135.13 17609.51 17609.51
4.709 32.59 50988.63 50988.63
4.709 0.99 34366.71 34366.71
4.709 52.13 32036.28 32036.28
4.709 17.36 21123.40 21123.40
4.709 100.48 17943.32 17943.32
4.712 130.30 71362.01 71362.01
4.712 5.43 69484.10 69484.10
4.712 38.30 59750.07 59750.07
4.712 138.05 59082.50 59082.50
4.712 83.10 57543.80 57543.80
4.712 30.43 53929.75 53929.75
4.712 106.83 52007.99 52007.99
4.712 6.70 41374.96 41374.96
4.712 48.83 39392.17 39392.17
4.712 123.83 38266.59 38266.59
4.712 118.12 32109.44 32109.44
4.712 116.09 28723.86 28723.86
4.712 27.13 27516.56 27516.56
4.712 92.61 25458.63 25458.63
4.712 64.44 21535.86 21535.86
4.712 44.77 20062.44 20062.44
4.712 19.77 19762.72 19762.72
4.715 12.16 108886.12 108886.12
4.715 14.57 90681.89 90681.89
4.715 108.98 77608.53 77608.53
4.715 136.27 76905.79 76905.79
4.715 139.31 72525.33 72525.33
4.715 65.58 71880.66 71880.66
4.715 70.28 49354.83 49354.83
4.715 74.98 46658.96 46658.96
4.715 23.33 45666.98 45666.98
4.715 81.83 42227.77 42227.77
4.715 103.27 41011.24 41011.24
4.715 86.90 39043.48 39043.48
4.715 90.84 37982.55 37982.55
4.715 66.73 36529.41 36529.41
4.715 117.23 36360.90 36360.90
4.715 105.18 35042.17 35042.17
4.715 80.69 30520.94 30520.94
4.715 9.75 29031.28 29031.28
4.715 50.10 27702.84 27702.84
4.715 78.02 27292.80 27292.80
4.715 28.66 26954.99 26954.99
4.715 24.98 25836.32 25836.32
4.715 68.00 24822.81 24822.81
4.715 50.99 22433.61 22433.61
4.719 52.51 65418.60 65418.60
4.719 7.72 58357.86 58357.86
4.719 131.45 43695.42 43695.42
4.719 46.04 25776.47 25776.47
4.719 31.19 23132.95 23132.95
4.719 2.01 22102.12 22102.12
4.719 112.54 19828.12 19828.12
4.719 120.53 18281.60 18281.60
4.722 34.87 71393.38 71393.38
4.722 25.36 47634.21 47634.21
4.722 0.99 44560.92 44560.92
4.722 128.15 37874.38 37874.38
4.722 135.00 28887.88 28887.88
4.722 17.62 20956.40 20956.40
4.722 21.04 18737.99 18737.99
4.725 113.93 115397.35 115397.35
4.725 70.41 99691.97 99691.97
4.725 19.14 93937.68 93937.68
4.725 118.12 67692.73 67692.73
4.725 132.97 57724.56 57724.56
4.725 50.99 45644.31 45644.31
4.725 43.12 28400.98 28400.98
4.725 97.69 28301.32 28301.32
4.729 14.57 153528.34 153528.34
4.729 103.40 132255.73 132255.73
4.729 15.97 132126.68 132126.68
4.729 100.36 125174.33 125174.33
4.729 52.64 124574.36 124574.36
4.729 78.15 120696.27 120696.27
4.729 30.43 110313.92 110313.92
4.729 38.30 108242.69 108242.69
4.729 12.29 104195.24 104195.24
4.729 82.97 102798.25 102798.25
4.729 86.90 99649.13 99649.13
4.729 22.57 93873.93 93873.93
4.729 73.58 91615.51 91615.51
4.729 117.11 90037.54 90037.54
4.729 28.66 89578.40 89578.40
4.729 139.31 82417.35 82417.35
4.729 108.98 75301.76 75301.76
4.729 107.08 73220.13 73220.13
4.729 81.96 64149.00 64149.00
4.729 48.83 58587.09 58587.09
4.729 115.96 53105.15 53105.15
4.729 44.77 44426.64 44426.64
4.729 138.17 39009.81 39009.81
4.729 27.13 36909.82 36909.82
4.729 64.44 31811.93 31811.93
4.729 63.17 25117.63 25117.63
4.729 50.10 19491.45 19491.45
4.732 72.44 178781.02 178781.02
4.732 5.31 167076.42 167076.42
4.732 66.73 104438.27 104438.27
4.732 89.19 98965.07 98965.07
4.732 105.18 83007.56 83007.56
4.732 25.61 71963.06 71963.06
4.732 71.04 42057.75 42057.75
4.732 45.92 40324.36 40324.36
4.732 55.94 39573.68 39573.68
4.732 114.44 26693.13 26693.13
4.735 136.52 187360.95 187360.95
4.735 52.89 153090.39 153090.39
4.735 101.88 137104.98 137104.98
4.735 19.65 107904.81 107904.81
4.735 135.13 98034.81 98034.81
4.735 118.25 95440.20 95440.20
4.735 67.87 93647.52 93647.52
4.735 92.74 92169.75 92169.75
4.735 34.87 86450.19 86450.19
4.735 70.79 83891.56 83891.56
4.735 33.23 74357.68 74357.68
4.735 0.99 67657.05 67657.05
4.735 84.49 61179.55 61179.55
4.735 86.52 48699.25 48699.25
4.735 17.11 48304.38 48304.38
4.735 119.77 39882.66 39882.66
4.735 95.15 31113.26 31113.26
4.735 7.72 26969.30 26969.30
4.735 58.48 26121.47 26121.47
4.735 57.21 22459.24 22459.24
4.735 106.70 21743.10 21743.10
4.738 5.31 177681.08 177681.08
4.738 6.58 136738.91 136738.91
4.738 73.83 44180.22 44180.22
4.738 76.75 42113.93 42113.93
4.738 59.37 37918.85 37918.85
4.738 90.84 37431.70 37431.70
4.738 58.86 20429.75 20429.75
4.742 38.30 266624.31 266624.31
4.742 87.16 231900.13 231900.13
4.742 82.97 184971.89 184971.89
4.742 79.16 181018.20 181018.20
4.742 75.10 176847.53 176847.53
4.742 120.91 152129.05 152129.05
4.742 112.41 100465.91 100465.91
4.742 30.18 99233.19 99233.19
4.742 130.68 81039.84 81039.84
4.742 44.90 62802.49 62802.49
4.742 70.79 58860.06 58860.06
4.742 39.70 57246.46 57246.46
4.742 78.15 49767.63 49767.63
4.742 113.81 48862.92 48862.92
4.742 8.61 41687.02 41687.02
4.742 114.44 39596.08 39596.08
4.742 70.41 34939.96 34939.96
4.742 50.86 33859.67 33859.67
4.745 28.66 328933.84 328933.84
4.745 123.58 288836.02 288836.02
4.745 12.29 272871.44 272871.44
4.745 138.05 262947.67 262947.67
4.745 23.33 247794.10 247794.10
4.745 81.96 229224.00 229224.00
4.745 107.59 219609.63 219609.63
4.745 108.98 194559.83 194559.83
4.745 139.31 189024.58 189024.58
4.745 14.57 153951.31 153951.31
4.745 27.01 144184.16 144184.16
4.745 48.83 141146.35 141146.35
4.745 105.56 136531.73 136531.73
4.745 103.27 136332.89 136332.89
4.745 115.96 128772.66 128772.66
4.745 135.63 119643.27 119643.27
4.745 65.58 111192.75 111192.75
4.745 49.98 101049.45 101049.45
4.745 134.62 91232.96 91232.96
4.745 89.44 83162.17 83162.17
4.745 128.27 83013.65 83013.65
4.745 32.21 80579.07 80579.07
4.745 86.78 64320.81 64320.81
4.745 61.02 62678.26 62678.26
4.745 88.17 59683.20 59683.20
4.745 106.83 48397.68 48397.68
4.745 25.48 35949.41 35949.41
4.745 47.06 28012.16 28012.16
4.748 87.41 313560.50 313560.50
4.748 117.36 239707.46 239707.46
4.748 68.00 203086.13 203086.13
4.748 5.56 178755.31 178755.31
4.748 125.36 166707.80 166707.80
4.748 24.47 164023.27 164023.27
4.748 57.59 150606.95 150606.95
4.748 84.87 141637.41 141637.41
4.748 7.46 139499.03 139499.03
4.748 3.40 105336.95 105336.95
4.748 42.36 81095.92 81095.92
4.748 1.12 79157.68 79157.68
4.748 34.87 77673.07 77673.07
4.748 33.35 65830.75 65830.75
4.748 56.07 55064.47 55064.47
4.748 22.18 29137.85 29137.85
4.748 21.17 25612.29 25612.29
4.748 53.02 22411.71 22411.71
4.751 100.74 176474.17 176474.17
4.751 41.09 147527.56 147527.56
4.751 72.56 124853.52 124853.52
4.751 106.57 87728.86 87728.86
4.751 39.95 47556.22 47556.22
4.751 63.55 31996.80 31996.80
4.755 24.72 427856.97 427856.97
4.755 28.66 304977.94 304977.94
4.755 27.13 287489.44 287489.44
4.755 120.79 275595.87 275595.87
4.755 48.83 257504.71 257504.71
4.755 80.81 216376.75 216376.75
4.755 135.76 209257.37 209257.37
4.755 103.27 169336.00 169336.00
4.755 136.90 135118.37 135118.37
4.755 76.37 100230.73 100230.73
4.755 79.16 39390.12 39390.12
4.755 104.80 33839.89 33839.89
4.755 18.50 30658.04 30658.04
4.758 14.57 690384.44 690384.44
4.758 123.58 668595.63 668595.63
4.758 83.10 619758.69 619758.69
4.758 117.49 513852.62 513852.62
4.758 82.08 478343.77 478343.77
4.758 115.96 439995.73 439995.73
4.758 87.03 426136.35 426136.35
4.758 32.21 421925.81 421925.81
4.758 38.30 395036.09 395036.09
4.758 107.08 378310.97 378310.97
4.758 66.85 361725.69 361725.69
4.758 64.57 360186.89 360186.89
4.758 5.31 344522.79 344522.79
4.758 130.18 326111.16 326111.16
4.758 100.99 306414.10 306414.10
4.758 42.24 283460.88 283460.88
4.758 105.56 219300.20 219300.20
4.758 102.39 171324.89 171324.89
4.758 92.61 170013.65 170013.65
4.758 114.31 169482.71 169482.71
4.758 70.53 129764.53 129764.53
4.758 97.56 117719.22 117719.22
4.758 49.98 114275.65 114275.65
4.758 78.40 93480.60 93480.60
4.758 130.56 89002.43 89002.43
4.758 71.30 84291.20 84291.20
4.758 54.29 62335.76 62335.76
4.758 33.73 52487.87 52487.87
4.758 29.93 51033.16 51033.16
4.758 79.54 49241.18 49241.18
4.758 94.01 39310.61 39310.61
4.761 109.24 940006.44 940006.44
4.761 103.53 704403.69 704403.69
4.761 138.17 670417.79 670417.79
4.761 25.10 616882.63 616882.63
4.761 29.04 582856.92 582856.92
4.761 95.41 505358.94 505358.94
4.761 12.41 492678.17 492678.17
4.761 65.71 487973.66 487973.66
4.761 27.39 394291.34 394291.34
4.761 88.30 372278.13 372278.13
4.761 49.09 359160.23 359160.23
4.761 75.10 346870.13 346870.13
4.761 118.63 329257.29 329257.29
4.761 15.71 302058.34 302058.34
4.761 8.86 284672.84 284672.84
4.761 50.86 235611.53 235611.53
4.761 100.10 164534.00 164534.00
4.761 6.58 111895.36 111895.36
4.761 18.76 78958.84 78958.84
4.765 139.44 2455168.00 2455168.00
4.765 123.96 1650369.38 1650369.38
4.765 7.59 1380007.75 1380007.75
4.765 83.48 1363920.75 1363920.75
4.765 14.82 1275468.00 1275468.00
4.765 107.46 1100567.00 1100567.00
4.765 87.28 1065373.58 1065373.58
4.765 32.46 1041979.31 1041979.31
4.765 119.01 973989.94 973989.94
4.765 56.45 860582.81 860582.81
4.765 89.44 848174.19 848174.19
4.765 112.67 801847.63 801847.63
4.765 67.11 739568.00 739568.00
4.765 106.07 739534.25 739534.25
4.765 42.49 713401.63 713401.63
4.765 72.82 712392.38 712392.38
4.765 30.69 710814.38 710814.38
4.765 45.03 700272.44 700272.44
4.765 51.75 658127.30 658127.30
4.765 101.24 655066.31 655066.31
4.765 46.17 541024.88 541024.88
4.765 21.30 434499.31 434499.31
4.765 97.82 303329.50 303329.50
4.765 36.27 288200.25 288200.25
4.765 121.42 248549.44 248549.44
4.765 130.94 245526.67 245526.67
4.765 109.87 179247.37 179247.37
4.765 85.76 92334.17 92334.17
4.768 125.48 1757743.38 1757743.38
4.768 53.02 1321466.88 1321466.88
4.768 32.84 1173046.63 1173046.63
4.768 103.91 1108679.75 1108679.75
4.768 84.87 1041642.74 1041642.74
4.768 56.83 979347.15 979347.15
4.768 107.84 943065.06 943065.06
4.768 31.07 916191.63 916191.63
4.768 67.62 901843.62 901843.62
4.768 132.84 883883.19 883883.19
4.768 47.31 837080.69 837080.69
4.768 5.81 805480.31 805480.31
4.768 3.53 801735.13 801735.13
4.768 68.25 759251.77 759251.77
4.768 134.49 750647.06 750647.06
4.768 49.34 497845.25 497845.25
4.768 9.24 448977.50 448977.50
4.768 76.50 399930.85 399930.85
4.768 92.87 320929.11 320929.11
4.768 69.52 304226.32 304226.32
4.771 139.69 4743845.50 4743845.50
4.771 83.86 2456968.03 2456968.03
4.771 22.18 1695172.00 1695172.00
4.771 57.97 1627759.63 1627759.63
4.771 91.09 1537646.25 1537646.25
4.771 1.25 1327556.50 1327556.50
4.771 106.32 1293387.00 1293387.00
4.771 119.26 1242200.13 1242200.13
4.771 27.77 1209902.38 1209902.38
4.771 55.56 1189064.88 1189064.88
4.771 35.00 1169899.25 1169899.25
4.771 36.65 1079741.75 1079741.75
4.771 89.70 989251.62 989251.62
4.771 111.14 870815.94 870815.94
4.771 95.79 790294.76 790294.76
4.771 16.35 758662.87 758662.87
4.771 46.42 727247.50 727247.50
4.771 17.36 690303.93 690303.93
4.771 86.02 558298.18 558298.18
4.771 38.05 493891.34 493891.34
4.771 74.34 490082.59 490082.59
4.771 137.03 395155.01 395155.01
4.771 96.42 368539.03 368539.03
4.771 75.61 362949.73 362949.73
4.771 121.68 311255.06 311255.06
4.771 125.99 306112.75 306112.75
4.771 34.37 244765.33 244765.33
4.774 2.26 2195807.25 2195807.25
4.774 53.40 2007763.63 2007763.63
4.774 91.47 1772618.88 1772618.88
4.774 33.10 1517100.00 1517100.00
4.774 99.21 1447268.75 1447268.75
4.774 104.16 1341575.38 1341575.38
4.774 75.99 1194014.50 1194014.50
4.774 16.73 1179692.63 1179692.63
4.774 39.06 1150280.63 1150280.63
4.774 47.69 1106275.88 1106275.88
4.774 31.32 1022212.00 1022212.00
4.774 135.00 951718.31 951718.31
4.774 100.74 866544.38 866544.38
4.774 108.10 800829.25 800829.25
4.774 98.20 772108.77 772108.77
4.774 96.80 641172.58 641172.58
4.774 65.20 542766.19 542766.19
4.774 63.68 509597.59 509597.59
4.774 35.38 452286.03 452286.03
4.774 54.93 154588.59 154588.59
4.774 19.27 116141.34 116141.34
4.778 111.65 1635640.75 1635640.75
4.778 90.08 1450737.50 1450737.50
4.778 10.76 1173599.00 1173599.00
4.778 62.41 1135231.82 1135231.82
4.778 86.27 1080497.00 1080497.00
4.778 81.32 985368.56 985368.56
4.778 24.34 955149.94 955149.94
4.778 127.64 876844.94 876844.94
4.778 121.93 839773.19 839773.19
4.778 36.91 763006.13 763006.13
4.778 40.33 724448.69 724448.69
4.778 46.68 650176.81 650176.81
4.778 120.53 609514.38 609514.38
4.778 9.49 528780.24 528780.24
4.778 31.83 404073.03 404073.03
4.778 60.51 403348.50 403348.50
4.778 19.65 351843.84 351843.84
4.778 6.96 312596.61 312596.61
4.778 93.12 295245.61 295245.61
4.778 73.71 276252.53 276252.53
4.778 94.26 120978.77 120978.77
4.781 47.95 1544819.25 1544819.25
4.781 126.37 1511120.50 1511120.50
4.781 25.99 1448119.88 1448119.88
4.781 131.70 942014.94 942014.94
4.781 4.29 872957.13 872957.13
4.781 97.06 796564.31 796564.31
4.781 43.50 704193.48 704193.48
4.781 18.12 675367.57 675367.57
4.781 79.04 674619.00 674619.00
4.781 68.88 640641.75 640641.75
4.781 114.95 600640.13 600640.13
4.781 52.39 599010.25 599010.25
4.781 80.43 557834.19 557834.19
4.781 103.27 401870.10 401870.10
4.781 101.88 382843.63 382843.63
4.781 63.30 372140.69 372140.69
4.781 4.67 313793.74 313793.74
4.781 28.40 215468.81 215468.81
4.781 26.63 195852.70 195852.70
4.781 11.53 139017.92 139017.92
4.781 88.43 75501.41 75501.41
4.784 62.79 1406955.50 1406955.50
4.784 122.18 1299021.88 1299021.88
4.784 116.73 1006286.06 1006286.06
4.784 77.39 916357.19 916357.19
4.784 37.16 746945.31 746945.31
4.784 71.55 566222.25 566222.25
4.784 13.94 505422.83 505422.83
4.784 130.30 452221.34 452221.34
4.784 93.38 448893.49 448893.49
4.784 110.38 378638.84 378638.84
4.784 39.95 361679.11 361679.11
4.784 25.61 316709.13 316709.13
4.784 113.30 188377.41 188377.41
4.784 50.86 118310.87 118310.87
4.784 136.01 85595.40 85595.40
4.787 70.03 805415.44 805415.44
4.787 60.13 783909.36 783909.36
4.787 79.92 661808.33 661808.33
4.787 130.05 510668.91 510668.91
4.787 45.41 484874.84 484874.84
4.787 29.93 475527.78 475527.78
4.787 114.57 450415.97 450415.97
4.787 119.64 334786.92 334786.92
4.787 15.46 307250.23 307250.23
4.787 38.55 274111.34 274111.34
4.787 101.62 211761.61 211761.61
4.787 130.30 211316.10 211316.10
4.787 19.90 207999.58 207999.58
4.787 58.61 189266.55 189266.55
4.787 124.72 188337.50 188337.50
4.787 135.13 184302.07 184302.07
4.787 18.76 162885.67 162885.67
4.787 133.60 159564.93 159564.93
4.787 108.48 138240.30 138240.30
4.787 100.36 83562.85 83562.85
4.787 57.34 52902.00 52902.00
4.791 17.74 632229.35 632229.35
4.791 8.61 395138.57 395138.57
4.791 23.07 384678.34 384678.34
4.791 96.80 284401.40 284401.40
4.791 86.27 280892.58 280892.58
4.791 61.52 274320.33 274320.33
4.791 66.35 220836.58 220836.58
4.791 102.51 220314.80 220314.80
4.791 6.20 184739.75 184739.75
4.791 87.79 84877.42 84877.42
4.791 85.38 75759.91 75759.91
4.794 26.50 628313.18 628313.18
4.794 48.20 606927.71 606927.71
4.794 53.78 577154.74 577154.74
4.794 129.54 563843.88 563843.88
4.794 28.28 509445.09 509445.09
4.794 40.71 488845.00 488845.00
4.794 18.00 372661.57 372661.57
4.794 135.51 361229.44 361229.44
4.794 94.65 335885.69 335885.69
4.794 99.72 316342.50 316342.50
4.794 120.79 309551.85 309551.85
4.794 35.76 263151.45 263151.45
4.794 39.57 257527.69 257527.69
4.794 65.46 235241.85 235241.85
4.794 115.58 227398.89 227398.89
4.794 2.77 219532.50 219532.50
4.794 11.91 211193.32 211193.32
4.794 103.02 206112.00 206112.00
4.794 74.98 191140.77 191140.77
4.794 10.89 188585.85 188585.85
4.794 38.30 151647.81 151647.81
4.794 128.15 144858.94 144858.94
4.794 111.90 134928.42 134928.42
4.794 113.68 128488.93 128488.93
4.794 24.47 117851.70 117851.70
4.794 64.19 114667.70 114667.70
4.794 26.88 111593.58 111593.58
4.794 81.32 56712.83 56712.83
4.797 77.51 391095.61 391095.61
4.797 122.31 382332.59 382332.59
4.797 49.98 382153.53 382153.53
4.797 137.54 371660.24 371660.24
4.797 62.79 368443.09 368443.09
4.797 12.79 323932.46 323932.46
4.797 86.65 308558.54 308558.54
4.797 43.38 267386.67 267386.67
4.797 128.53 208522.68 208522.68
4.797 123.32 177837.71 177837.71
4.797 100.99 156159.93 156159.93
4.800 79.80 445803.16 445803.16
4.800 29.29 362054.51 362054.51
4.800 103.40 343562.16 343562.16
4.800 121.04 296907.91 296907.91
4.800 41.98 289333.66 289333.66
4.800 20.54 211668.31 211668.31
4.800 105.56 211275.53 211275.53
4.800 131.95 180417.84 180417.84
4.800 24.85 178900.81 178900.81
4.800 70.15 136701.66 136701.66
4.800 71.55 110906.89 110906.89
4.800 104.80 105883.13 105883.13
4.800 81.83 105766.58 105766.58
4.800 18.63 100692.34 100692.34
4.800 96.17 83137.75 83137.75
4.800 27.13 79409.21 79409.21
4.800 72.56 43100.61 43100.61
4.800 5.05 32713.56 32713.56
4.804 15.46 347349.05 347349.05
4.804 50.23 341766.60 341766.60
4.804 118.25 331125.83 331125.83
4.804 97.18 327095.99 327095.99
4.804 123.71 264767.74 264767.74
4.804 86.90 238925.73 238925.73
4.804 30.43 219163.50 219163.50
4.804 83.10 195642.09 195642.09
4.804 136.14 175676.86 175676.86
4.804 66.85 173044.16 173044.16
4.804 36.02 160431.30 160431.30
4.804 114.44 152589.02 152589.02
4.804 130.81 149724.02 149724.02
4.804 107.21 130231.23 130231.23
4.804 78.53 114333.28 114333.28
4.804 108.86 97213.29 97213.29
4.804 6.58 77574.72 77574.72
4.804 33.99 66197.85 66197.85
4.804 118.76 60617.20 60617.20
4.804 54.67 59416.98 59416.98
4.804 10.13 44318.59 44318.59
4.807 139.95 3925385.19 3925385.19
4.807 43.88 317149.75 317149.75
4.807 88.17 254602.10 254602.10
4.807 94.01 234452.65 234452.65
4.807 8.86 226696.30 226696.30
4.807 21.04 206880.63 206880.63
4.807 51.37 202168.72 202168.72
4.807 72.95 112597.99 112597.99
4.807 124.72 109294.03 109294.03
4.807 97.56 109275.04 109275.04
4.807 138.93 98856.75 98856.75
4.807 89.32 67891.78 67891.78
4.807 47.31 54267.24 54267.24
4.807 3.91 49639.81 49639.81
4.810 85.38 271298.45 271298.45
4.810 56.45 237362.84 237362.84
4.810 106.07 180217.22 180217.22
4.810 129.54 174601.40 174601.40
4.810 96.42 106107.62 106107.62
4.810 44.39 97410.92 97410.92
4.810 7.72 95501.47 95501.47
4.810 126.24 95312.95 95312.95
4.810 35.51 69358.14 69358.14
4.810 85.89 61624.47 61624.47
4.810 137.03 47852.46 47852.46
4.810 69.65 45450.02 45450.02
4.810 17.62 29743.23 29743.23
4.810 104.67 28842.20 28842.20
4.814 107.72 175895.48 175895.48
4.814 8.10 122790.85 122790.85
4.814 36.40 113756.39 113756.39
4.814 47.56 75986.06 75986.06
4.814 78.40 67577.18 67577.18
4.814 68.50 53991.75 53991.75
4.814 109.62 29628.16 29628.16
4.814 74.34 27595.32 27595.32
4.814 71.04 23785.39 23785.39
4.814 11.14 23231.57 23231.57
4.817 33.99 201285.13 201285.13
4.817 60.13 194900.20 194900.20
4.817 10.51 186585.43 186585.43
4.817 29.29 138350.28 138350.28
4.817 79.92 112758.08 112758.08
4.817 119.52 100667.16 100667.16
4.817 59.24 89686.39 89686.39
4.817 98.58 85988.56 85988.56
4.817 35.89 76794.95 76794.95
4.817 135.89 59601.03 59601.03
4.817 15.46 50966.16 50966.16
4.817 41.09 49313.80 49313.80
4.817 112.67 48577.76 48577.76
4.817 138.43 38075.56 38075.56
4.817 121.68 29784.70 29784.70
4.817 24.98 27754.52 27754.52
4.817 83.73 25554.70 25554.70
4.820 118.50 229250.40 229250.40
4.820 64.19 101453.93 101453.93
4.820 54.16 63079.44 63079.44
4.820 133.22 52605.14 52605.14
4.820 39.44 47162.23 47162.23
4.820 46.55 25855.39 25855.39
4.820 76.37 18524.07 18524.07
4.820 90.97 17527.47 17527.47
4.823 137.03 122098.88 122098.88
4.823 115.33 121596.55 121596.55
4.823 126.50 87969.72 87969.72
4.823 16.73 79253.91 79253.91
4.823 2.77 68380.13 68380.13
4.823 62.79 59479.64 59479.64
4.823 47.95 52113.18 52113.18
4.823 74.34 41069.95 41069.95
4.823 138.68 33076.89 33076.89
4.823 110.51 30669.56 30669.56
4.823 99.72 26140.26 26140.26
4.823 61.52 20879.66 20879.66
4.827 13.81 148618.01 148618.01
4.827 98.58 138180.32 138180.32
4.827 121.68 121958.09 121958.09
4.827 37.03 106845.14 106845.14
4.827 4.42 73936.23 73936.23
4.827 18.12 61717.48 61717.48
4.827 54.80 47345.68 47345.68
4.827 112.03 46598.54 46598.54
4.827 91.85 30217.42 30217.42
4.827 114.19 22395.59 22395.59
4.827 90.58 20091.86 20091.86
4.827 58.61 18475.13 18475.13
4.830 0.36 539658.59 539658.59
4.830 51.75 56527.44 56527.44
4.830 101.12 53578.48 53578.48
4.830 109.62 39553.47 39553.47
4.830 88.43 36696.98 36696.98
4.830 32.08 30865.12 30865.12
4.830 71.68 21015.76 21015.76
4.830 8.23 20911.86 20911.86
4.833 139.95 389990.41 389990.41
4.833 35.76 114808.13 114808.13
4.833 50.23 89339.46 89339.46
4.833 77.89 71229.16 71229.16
4.833 102.39 62893.97 62893.97
4.833 29.42 58028.60 58028.60
4.833 87.03 35204.20 35204.20
4.833 15.33 28671.41 28671.41
4.833 127.26 26610.51 26610.51
4.833 78.40 25546.59 25546.59
4.833 41.35 23321.39 23321.39
4.833 93.25 17506.63 17506.63
4.836 2.77 76675.18 76675.18
4.836 94.14 61263.26 61263.26
4.836 91.98 49606.80 49606.80
4.836 24.98 48022.09 48022.09
4.836 99.72 47978.03 47978.03
4.836 114.06 39038.01 39038.01
4.836 64.06 33502.44 33502.44
4.836 119.52 29119.99 29119.99
4.836 28.02 25346.56 25346.56
4.836 16.85 23216.66 23216.66
4.836 33.86 22760.59 22760.59
4.836 133.48 20330.58 20330.58
4.836 103.78 19188.53 19188.53
4.840 37.16 75189.45 75189.45
4.840 53.91 68955.96 68955.96
4.840 121.80 53144.01 53144.01
4.840 129.42 50957.76 50957.76
4.840 48.07 42757.91 42757.91
4.840 135.51 41843.78 41843.78
4.840 111.90 41767.03 41767.03
4.840 45.28 40490.13 40490.13
4.840 46.93 38545.33 38545.33
4.840 115.33 37899.10 37899.10
4.840 137.03 31605.10 31605.10
4.840 10.64 31353.88 31353.88
4.840 4.55 30913.73 30913.73
4.840 18.12 29481.25 29481.25
4.840 131.95 24219.49 24219.49
4.840 74.21 23017.99 23017.99
4.840 108.22 21013.18 21013.18
4.840 62.92 20603.57 20603.57
4.843 133.73 34352.01 34352.01
4.843 19.39 24105.41 24105.41
4.843 101.12 20663.23 20663.23
4.843 94.65 18063.05 18063.05
4.846 56.32 57281.92 57281.92
4.846 21.04 54806.68 54806.68
4.846 12.92 49508.37 49508.37
4.846 118.38 47388.41 47388.41
4.846 50.36 39236.42 39236.42
4.846 61.40 38474.77 38474.77
4.846 15.33 37376.58 37376.58
4.846 85.64 33068.98 33068.98
4.846 41.47 31514.24 31514.24
4.846 114.31 30882.91 30882.91
4.846 29.29 30134.05 30134.05
4.846 78.40 26567.77 26567.77
4.846 79.80 23950.16 23950.16
4.846 24.98 23777.19 23777.19
4.846 96.93 19843.41 19843.41
4.850 139.95 346380.28 346380.28
4.850 104.67 18759.44 18759.44
4.853 43.88 63095.68 63095.68
4.853 94.26 48375.87 48375.87
4.853 98.45 39617.96 39617.96
4.853 26.63 39341.90 39341.90
4.853 131.95 37445.46 37445.46
4.853 18.12 32219.56 32219.56
4.853 2.77 29410.64 29410.64
4.853 10.89 29062.89 29062.89
4.853 99.59 28461.53 28461.53
4.853 63.94 26841.84 26841.84
4.853 48.07 24008.73 24008.73
4.853 94.65 22192.45 22192.45
4.853 11.40 22175.44 22175.44
4.853 115.20 22108.95 22108.95
4.853 58.61 19051.63 19051.63
4.853 4.29 18491.46 18491.46
4.856 122.06 77124.04 77124.04
4.856 126.24 40306.93 40306.93
4.856 127.64 24933.88 24933.88
4.856 77.26 20112.89 20112.89
4.856 137.28 19344.18 19344.18
4.859 0.36 249112.23 249112.23
4.859 35.89 45158.32 45158.32
4.859 29.29 40275.08 40275.08
4.859 60.00 36251.09 36251.09
4.859 33.99 35467.16 35467.16
4.859 118.50 35220.79 35220.79
4.859 21.17 33066.42 33066.42
4.859 13.94 32196.21 32196.21
4.859 71.30 23172.96 23172.96
4.859 124.47 19169.51 19169.51
4.863 79.80 32498.37 32498.37
4.863 15.33 21941.84 21941.84
4.863 46.93 18316.68 18316.68
4.866 91.85 37716.00 37716.00
4.866 88.43 28006.35 28006.35
4.869 44.01 60650.49 60650.49
4.869 35.76 44019.58 44019.58
4.869 18.12 40041.07 40041.07
4.869 47.95 38764.34 38764.34
4.869 11.27 27927.72 27927.72
4.869 2.77 27234.30 27234.30
4.869 37.16 22576.11 22576.11
4.869 108.10 20105.64 20105.64
4.869 10.38 19457.74 19457.74
4.869 90.08 19279.39 19279.39
4.869 51.63 19234.27 19234.27
4.869 62.79 17390.13 17390.13
4.872 98.58 55261.94 55261.94
4.872 4.16 39747.14 39747.14
4.872 132.21 37699.42 37699.42
4.872 103.78 17537.48 17537.48
4.872 114.95 17369.95 17369.95
4.876 139.95 234772.96 234772.96
4.876 0.36 206427.63 206427.63
4.876 50.23 47625.83 47625.83
4.876 13.05 37198.53 37198.53
4.876 118.50 33470.64 33470.64
4.876 15.33 32862.32 32862.32
4.876 88.55 29310.93 29310.93
4.876 54.67 28961.75 28961.75
4.876 79.80 28566.12 28566.12
4.876 33.99 25517.81 25517.81
4.876 78.27 24957.65 24957.65
4.876 90.84 21363.19 21363.19
4.879 35.89 57447.04 57447.04
4.879 129.42 45193.34 45193.34
4.879 101.12 44096.52 44096.52
4.879 13.81 38930.51 38930.51
4.879 127.39 34126.79 34126.79
4.879 109.75 28816.65 28816.65
4.879 130.81 21076.80 21076.80
4.879 45.28 18491.35 18491.35
4.882 37.16 43233.69 43233.69
4.882 2.77 33137.75 33137.75
4.882 59.87 31635.11 31635.11
4.882 72.82 31431.05 31431.05
4.882 91.98 28594.31 28594.31
4.882 48.07 26823.01 26823.01
4.882 67.36 26299.18 26299.18
4.882 96.80 22034.85 22034.85
4.882 108.22 20698.78 20698.78
4.882 11.40 19700.68 19700.68
4.882 137.03 19195.36 19195.36
4.882 10.26 19104.32 19104.32
4.882 8.23 18124.48 18124.48
4.882 21.04 18087.95 18087.95
4.886 126.24 35041.79 35041.79
4.886 94.26 31683.59 31683.59
4.886 122.06 18457.80 18457.80
4.886 71.42 18214.10 18214.10
4.886 77.26 17685.96 17685.96
4.889 129.54 54699.08 54699.08
4.889 118.50 40257.91 40257.91
4.889 50.23 33849.60 33849.60
4.889 63.94 33165.25 33165.25
4.889 102.39 30020.58 30020.58
4.889 85.25 28755.38 28755.38
4.889 46.93 22410.98 22410.98
4.889 25.36 20146.45 20146.45
4.889 15.33 18340.61 18340.61
4.892 139.95 228131.73 228131.73
4.892 0.36 199795.35 199795.35
4.892 54.80 48251.97 48251.97
4.892 110.63 34360.20 34360.20
4.892 133.48 25644.51 25644.51
4.892 8.48 25242.80 25242.80
4.892 29.29 24018.68 24018.68
4.892 21.42 23057.28 23057.28
4.892 43.88 21973.88 21973.88
4.895 122.06 32174.24 32174.24
4.895 13.05 28762.76 28762.76
4.895 58.48 21242.84 21242.84
4.895 78.53 19218.13 19218.13
4.899 2.77 38929.29 38929.29
4.899 91.85 33261.02 33261.02
4.899 10.38 31005.61 31005.61
4.899 53.78 29363.77 29363.77
4.899 79.80 27669.82 27669.82
4.899 13.81 27423.85 27423.85
4.899 37.29 25210.90 25210.90
4.899 48.07 25032.77 25032.77
4.899 137.16 20586.56 20586.56
4.899 127.51 18522.28 18522.28
4.899 132.08 18395.69 18395.69
4.899 108.22 18370.86 18370.86
4.902 58.73 28241.74 28241.74
4.902 98.83 21918.41 21918.41
4.902 77.51 20035.91 20035.91
4.905 139.95 158295.81 158295.81
4.905 35.89 34577.12 34577.12
4.905 118.50 29873.85 29873.85
4.905 33.86 25965.07 25965.07
4.905 50.36 24486.63 24486.63
4.905 29.42 23726.37 23726.37
4.905 8.73 23601.60 23601.60
4.908 10.51 50315.88 50315.88
4.908 85.64 33799.57 33799.57
4.908 58.99 30977.83 30977.83
4.912 121.93 55520.19 55520.19
4.912 1.50 34802.46 34802.46
4.912 103.66 25313.75 25313.75
4.912 13.94 23967.94 23967.94
4.912 94.26 22611.93 22611.93
4.912 91.85 22057.94 22057.94
4.912 63.81 19303.27 19303.27
4.915 0.36 204251.94 204251.94
4.915 2.77 45992.80 45992.80
4.915 41.35 34531.68 34531.68
4.915 71.42 27082.86 27082.86
4.915 26.37 24531.82 24531.82
4.915 129.80 24519.19 24519.19
4.915 104.80 24103.94 24103.94
4.915 13.05 21893.61 21893.61
4.915 62.79 19712.78 19712.78
4.918 35.89 43397.19 43397.19
4.918 50.23 38419.68 38419.68
4.918 132.21 38118.68 38118.68
4.918 78.53 35568.28 35568.28
4.918 137.16 33148.29 33148.29
4.918 43.76 30323.54 30323.54
4.918 135.89 23726.28 23726.28
4.918 56.45 22811.03 22811.03
4.918 131.07 19665.42 19665.42
4.922 139.95 140448.53 140448.53
4.922 79.80 38205.14 38205.14
4.922 105.05 33106.43 33106.43
4.922 15.46 32612.99 32612.99
4.922 77.51 28576.94 28576.94
4.922 123.58 25262.22 25262.22
4.922 118.63 23124.60 23124.60
4.922 16.60 22608.14 22608.14
4.925 98.83 65497.75 65497.75
4.925 124.72 58606.77 58606.77
4.925 126.24 40513.99 40513.99
4.925 33.86 36810.82 36810.82
4.925 44.01 35257.43 35257.43
4.925 64.06 31034.73 31034.73
4.925 97.69 30558.89 30558.89
4.925 10.76 28233.48 28233.48
4.925 4.29 25436.49 25436.49
4.925 18.12 20497.84 20497.84
4.925 43.12 18336.78 18336.78
4.928 88.55 45343.95 45343.95
4.928 87.54 43366.85 43366.85
4.928 117.99 36909.71 36909.71
4.928 137.28 33703.11 33703.11
4.928 105.30 32885.08 32885.08
4.928 96.68 30133.07 30133.07
4.928 107.97 29160.86 29160.86
4.928 86.52 23559.40 23559.40
4.928 106.19 20016.58 20016.58
4.928 78.78 19437.04 19437.04
4.928 37.16 18044.55 18044.55
4.931 118.88 43298.30 43298.30
4.931 59.11 21471.11 21471.11
4.931 32.72 17693.08 17693.08
4.935 0.36 96468.38 96468.38
4.935 94.14 43890.88 43890.88
4.935 116.60 21205.33 21205.33
4.938 45.28 38597.67 38597.67
4.938 88.17 33267.37 33267.37
4.938 31.70 26983.46 26983.46
4.938 54.16 24411.07 24411.07
4.938 44.01 18207.09 18207.09
4.941 126.50 30618.00 30618.00
4.941 43.76 26333.13 26333.13
4.941 37.29 23965.88 23965.88
4.941 137.41 21024.94 21024.94
4.941 29.55 19818.10 19818.10
4.944 99.21 30975.37 30975.37
4.944 10.76 23490.98 23490.98
4.944 33.99 23183.19 23183.19
4.944 110.63 19966.63 19966.63
4.944 53.66 17683.19 17683.19
4.948 139.95 106969.73 106969.73
4.948 35.64 46570.15 46570.15
4.948 74.21 45502.33 45502.33
4.948 18.12 45282.46 45282.46
4.948 13.05 37396.74 37396.74
4.948 11.40 35542.81 35542.81
4.948 94.14 34323.22 34323.22
4.948 112.03 22203.47 22203.47
4.948 129.42 21844.27 21844.27
4.948 59.37 18572.11 18572.11
4.951 0.36 96126.21 96126.21
4.951 47.18 33610.83 33610.83
4.951 21.42 33571.23 33571.23
4.951 137.54 32554.99 32554.99
4.951 121.93 29563.83 29563.83
4.951 61.78 21678.53 21678.53
4.954 118.50 46457.76 46457.76
4.954 108.22 35983.65 35983.65
4.954 91.73 33454.73 33454.73
4.954 13.81 31014.64 31014.64
4.954 64.06 25744.49 25744.49
4.954 72.95 22397.49 22397.49
4.954 67.36 20576.38 20576.38
4.954 37.29 18500.12 18500.12
4.958 54.16 44894.25 44894.25
4.958 85.51 39860.70 39860.70
4.958 35.76 37703.45 37703.45
4.958 77.64 37205.99 37205.99
4.958 2.77 37190.60 37190.60
4.958 88.55 32149.18 32149.18
4.958 43.88 27039.81 27039.81
4.958 79.80 23441.34 23441.34
4.958 135.63 20428.81 20428.81
4.958 4.42 19379.44 19379.44
4.961 98.20 19715.50 19715.50
4.961 124.47 19278.38 19278.38
4.964 0.36 107822.66 107822.66
4.964 139.95 106301.98 106301.98
4.964 36.02 36230.65 36230.65
4.964 15.33 26703.56 26703.56
4.967 135.89 18864.20 18864.20
4.967 53.91 17375.80 17375.80
4.971 44.01 35543.13 35543.13
4.971 91.98 20281.26 20281.26
4.971 2.64 19762.42 19762.42
4.974 54.80 38152.70 38152.70
4.974 21.80 19244.04 19244.04
4.974 47.95 18751.91 18751.91
4.977 139.95 93752.50 93752.50
4.977 119.90 52018.16 52018.16
4.977 37.16 34283.49 34283.49
4.980 0.36 106632.59 106632.59
4.980 124.47 41290.36 41290.36
4.980 126.12 32577.27 32577.27
4.980 35.76 31654.90 31654.90
4.980 77.89 29931.19 29931.19
4.980 10.51 28377.57 28377.57
4.980 118.50 26358.10 26358.10
4.980 121.29 20553.32 20553.32
4.980 136.14 18811.74 18811.74
4.980 31.58 18115.46 18115.46
4.984 98.45 26611.73 26611.73
4.984 45.53 23102.82 23102.82
4.984 21.55 21955.44 21955.44
4.984 10.64 20456.96 20456.96
4.984 133.73 17790.54 17790.54
4.984 86.14 17516.35 17516.35
4.987 2.64 31836.16 31836.16
4.987 138.30 25508.10 25508.10
4.987 79.80 25107.63 25107.63
4.987 18.12 21902.08 21902.08
4.987 38.94 21344.74 21344.74
4.987 99.47 21279.64 21279.64
4.987 59.49 18947.57 18947.57
4.987 54.80 18677.95 18677.95
4.987 111.90 17654.14 17654.14
4.987 29.42 17502.76 17502.76
4.990 62.92 29822.09 29822.09
4.990 96.29 20914.79 20914.79
4.990 135.89 19274.45 19274.45
4.993 36.02 31293.22 31293.22
4.993 118.76 22845.95 22845.95
4.993 31.96 21506.58 21506.58
4.997 139.95 103079.40 103079.40
4.997 44.01 38420.79 38420.79
4.997 127.26 32852.27 32852.27
4.997 84.11 22330.66 22330.66
4.997 44.39 18463.20 18463.20
5.000 37.29 23819.13 23819.13
5.000 60.26 20008.50 20008.50
5.000 2.77 18411.34 18411.34
5.003 18.12 34733.95 34733.95
5.003 74.21 22703.62 22703.62
5.003 33.99 20327.65 20327.65
5.007 0.36 93723.49 93723.49
5.007 109.87 31752.82 31752.82
5.007 91.60 24058.62 24058.62
5.007 132.21 23185.70 23185.70
5.007 94.39 23097.10 23097.10
5.007 64.06 21726.38 21726.38
5.007 13.81 19305.18 19305.18
5.010 96.42 22014.39 22014.39
5.013 15.33 39867.21 39867.21
5.013 91.85 19417.35 19417.35
5.013 122.44 18892.05 18892.05
5.016 44.14 27288.93 27288.93
5.020 47.69 30767.75 30767.75
5.020 3.91 28249.53 28249.53
5.023 0.36 69289.14 69289.14
5.023 118.63 17782.32 17782.32
5.029 35.89 19082.37 19082.37
5.029 126.62 18162.10 18162.10
5.033 10.26 32242.97 32242.97
5.033 44.14 21289.97 21289.97
5.036 98.71 29424.58 29424.58
5.036 33.99 29389.15 29389.15
5.036 118.63 23878.69 23878.69
5.036 4.16 19438.13 19438.13
5.043 18.12 20730.15 20730.15
5.046 35.89 24399.57 24399.57
5.046 37.29 23798.55 23798.55
5.046 79.67 19712.47 19712.47
5.049 98.83 23423.85 23423.85
5.049 12.92 21091.60 21091.60
5.049 29.16 18339.08 18339.08
5.052 95.03 34046.64 34046.64
5.052 129.42 24059.21 24059.21
5.059 18.12 30256.76 30256.76
5.059 40.84 21376.98 21376.98
5.059 132.08 20025.26 20025.26
5.059 126.88 18388.20 18388.20
5.065 96.68 20532.83 20532.83
5.065 98.96 19622.65 19622.65
5.065 15.33 18202.81 18202.81
5.069 36.02 21624.88 21624.88
5.072 94.26 39459.03 39459.03
5.072 13.05 27133.41 27133.41
5.072 97.06 18858.27 18858.27
5.072 18.12 18559.67 18559.67
5.072 79.67 18125.57 18125.57
5.075 33.86 22526.27 22526.27
5.075 99.97 20489.87 20489.87
5.075 56.07 19462.63 19462.63
5.079 101.24 33829.15 33829.15
5.079 114.44 25428.51 25428.51
5.082 0.36 58957.90 58957.90
5.082 118.63 20755.94 20755.94
5.082 20.15 19326.73 19326.73
5.085 98.71 82789.55 82789.55
5.085 44.01 23611.55 23611.55
5.088 130.68 21890.19 21890.19
5.088 29.29 18615.25 18615.25
5.088 53.66 18366.59 18366.59
5.095 0.36 66095.45 66095.45
5.095 47.06 18056.05 18056.05
5.098 4.42 26032.25 26032.25
5.105 94.26 18565.46 18565.46
5.118 94.26 19825.06 19825.06
5.124 79.80 18070.78 18070.78
5.134 126.50 19757.80 19757.80
5.134 129.42 18564.38 18564.38
5.137 36.02 17815.99 17815.99
5.141 121.93 21475.63 21475.63
5.141 47.95 21002.18 21002.18
5.144 51.50 21994.56 21994.56
5.147 44.01 19949.61 19949.61
5.147 79.04 18376.26 18376.26
5.151 95.03 45436.23 45436.23
5.151 127.39 17552.17 17552.17
5.167 110.51 20445.73 20445.73
5.183 97.06 22483.88 22483.88
5.229 35.89 23393.26 23393.26
5.229 118.63 19503.72 19503.72
5.232 95.03 1205009.38 1205009.38
5.232 95.91 41581.56 41581.56
5.232 97.18 29201.63 29201.63
5.232 44.01 25652.00 25652.00
5.232 101.12 25147.60 25147.60
5.232 98.58 20126.40 20126.40
5.236 74.34 26534.50 26534.50
5.236 33.99 23566.48 23566.48
5.239 0.36 48468.15 48468.15
5.242 104.29 18559.71 18559.71
5.255 0.36 46629.15 46629.15
5.272 35.89 22516.17 22516.17
5.285 2.64 18599.31 18599.31
5.288 0.36 38801.70 38801.70
5.298 12.92 18009.15 18009.15
5.301 80.05 19992.44 19992.44
5.317 95.03 46125.29 46125.29
5.415 95.03 61952.49 61952.49
5.674 95.03 48490.70 48490.70
6.852 119.01 21420.22 21420.22
7.143 124.72 323108.44 323108.44
7.143 125.61 21311.27 21311.27
7.143 126.24 17710.64 17710.64
7.800 139.06 65933.09 65933.09
