0.826 16.42 27078.02 27078.02
0.846 23.02 186376.94 186376.94
0.898 23.28 164363.31 164363.31
0.902 24.55 17383.37 17383.37
0.911 24.93 23935.16 23935.16
0.934 23.53 61286.86 61286.86
0.947 24.67 62402.21 62402.21
0.960 19.22 93648.23 93648.23
0.983 17.44 30802.94 30802.94
1.013 20.74 100663.26 100663.26
1.127 20.74 123691.41 123691.41
1.186 20.74 28552.76 28552.76
1.199 32.54 19208.38 19208.38
1.212 32.41 50984.99 50984.99
1.274 22.01 62357.88 62357.88
1.317 22.77 1062046.88 1062046.88
1.320 71.24 82387.41 82387.41
1.363 24.80 79421.45 79421.45
1.448 19.22 146904.16 146904.16
1.448 53.48 22267.33 22267.33
1.536 28.48 54951.73 54951.73
1.569 27.84 47336.46 47336.46
1.615 26.83 49173.97 49173.97
1.693 26.83 23117.13 23117.13
1.696 42.95 29769.17 29769.17
1.700 29.24 20656.38 20656.38
1.710 24.80 33909.01 33909.01
1.798 23.15 175317.56 175317.56
1.814 24.80 113342.73 113342.73
1.827 23.28 200041.19 200041.19
1.834 24.80 20955.93 20955.93
1.834 33.43 19669.35 19669.35
1.837 31.40 20400.93 20400.93
1.867 24.93 23084.50 23084.50
1.889 24.93 119242.97 119242.97
1.909 25.94 28560.35 28560.35
1.978 26.32 21621.59 21621.59
2.027 30.38 24634.58 24634.58
2.063 30.38 39035.34 39035.34
2.076 24.80 170774.03 170774.03
2.096 24.93 30739.92 30739.92
2.109 24.93 38844.14 38844.14
2.161 24.80 186263.34 186263.34
2.184 39.90 179604.36 179604.36
2.197 25.31 35618.43 35618.43
2.217 32.03 28308.20 28308.20
2.226 25.05 99298.69 99298.69
2.249 24.80 14627850.00 14627850.00
2.253 25.81 74162.12 74162.12
2.253 4.75 66432.44 66432.44
2.253 26.83 65274.90 65274.90
2.253 28.23 23396.84 23396.84
2.256 1.70 25643.08 25643.08
2.256 21.63 21162.42 21162.42
2.256 137.49 19655.69 19655.69
2.256 88.76 19382.43 19382.43
2.256 0.56 18005.26 18005.26
2.259 5.13 55659.16 55659.16
2.259 6.14 18185.39 18185.39
2.262 36.22 19117.54 19117.54
2.266 25.43 93636.51 93636.51
2.279 25.43 21616.80 21616.80
2.285 24.93 81835.63 81835.63
2.298 24.93 106198.69 106198.69
2.308 26.32 18508.10 18508.10
2.308 34.44 18054.10 18054.10
2.315 25.18 32293.47 32293.47
2.321 48.28 39544.87 39544.87
2.325 34.44 25434.46 25434.46
2.334 24.93 161851.78 161851.78
2.338 26.19 25222.68 25222.68
2.338 27.21 21216.79 21216.79
2.364 25.43 20303.11 20303.11
2.387 24.93 56675.78 56675.78
2.387 32.29 32334.22 32334.22
2.400 33.81 95208.60 95208.60
2.403 25.18 25053.38 25053.38
2.406 48.40 21068.10 21068.10
2.426 24.93 218079.63 218079.63
2.432 36.35 86486.51 86486.51
2.468 48.40 44810.33 44810.33
2.482 48.28 82556.68 82556.68
2.501 48.15 1532179.02 1532179.02
2.501 49.16 39439.86 39439.86
2.504 51.70 19422.24 19422.24
2.521 52.84 26100.56 26100.56
2.524 48.15 2004675.73 2004675.73
2.524 49.16 44265.93 44265.93
2.524 50.18 33258.16 33258.16
2.524 49.80 32807.64 32807.64
2.524 51.32 19122.46 19122.46
2.567 25.31 22724.78 22724.78
2.612 24.93 132049.25 132049.25
2.629 48.40 51655.27 51655.27
2.635 24.93 22558.10 22558.10
2.648 48.15 1913463.50 1913463.50
2.648 49.16 47178.60 47178.60
2.648 49.67 22104.95 22104.95
2.648 50.81 18224.25 18224.25
2.652 25.05 21853.26 21853.26
2.665 24.93 38001.84 38001.84
2.668 48.15 1609334.25 1609334.25
2.668 16.42 43426.14 43426.14
2.671 49.16 49752.13 49752.13
2.671 50.31 19247.86 19247.86
2.684 24.93 87422.95 87422.95
2.691 48.28 48224.31 48224.31
2.701 25.69 30561.63 30561.63
2.704 48.40 33054.76 33054.76
2.792 24.80 42798.51 42798.51
2.828 48.15 46796.46 46796.46
2.851 48.40 17727.71 17727.71
3.008 42.06 72549.97 72549.97
3.025 39.65 24781.90 24781.90
3.028 32.92 25810.76 25810.76
3.061 76.96 29392.58 29392.58
3.090 48.40 26121.12 26121.12
3.097 74.16 20015.43 20015.43
3.139 24.93 88413.67 88413.67
3.201 56.65 240657.56 240657.56
3.208 75.81 19703.51 19703.51
3.214 56.65 146090.53 146090.53
3.224 76.96 172171.91 172171.91
3.224 43.33 22103.19 22103.19
3.227 77.84 23390.03 23390.03
3.241 76.96 1231024.50 1231024.50
3.241 78.48 163522.96 163522.96
3.241 77.97 27671.16 27671.16
3.241 80.00 18216.02 18216.02
3.254 76.96 205957.15 205957.15
3.254 56.02 86709.23 86709.23
3.254 77.84 19770.39 19770.39
3.273 76.96 43199.43 43199.43
3.290 76.96 25098.95 25098.95
3.326 49.04 18154.48 18154.48
3.342 83.05 49831.98 49831.98
3.345 72.51 62844.79 62844.79
3.348 51.70 282459.84 282459.84
3.362 72.64 29682.79 29682.79
3.365 79.37 33293.03 33293.03
3.375 70.74 225549.64 225549.64
3.375 72.51 49065.37 49065.37
3.375 73.78 17842.49 17842.49
3.381 72.26 196912.60 196912.60
3.391 73.66 141627.03 141627.03
3.391 78.73 96382.48 96382.48
3.391 74.67 91894.55 91894.55
3.391 70.10 57838.93 57838.93
3.391 75.81 56326.93 56326.93
3.391 76.83 40272.40 40272.40
3.391 79.87 34529.02 34529.02
3.391 83.17 21545.83 21545.83
3.391 81.02 17889.78 17889.78
3.394 82.03 18469.19 18469.19
3.398 75.56 27339.97 27339.97
3.401 72.39 1502840.39 1502840.39
3.401 78.60 246357.17 246357.17
3.401 73.27 65540.93 65540.93
3.401 81.65 21121.37 21121.37
3.404 75.31 49675.86 49675.86
3.404 79.62 23821.58 23821.58
3.404 48.78 22804.44 22804.44
3.404 80.64 21043.78 21043.78
3.407 74.04 62945.58 62945.58
3.407 83.05 23499.21 23499.21
3.414 72.39 471380.80 471380.80
3.414 73.27 39087.68 39087.68
3.417 76.83 63867.09 63867.09
3.417 63.76 48698.45 48698.45
3.417 75.56 23945.38 23945.38
3.420 73.66 35857.80 35857.80
3.420 77.72 25906.29 25906.29
3.430 80.25 32167.83 32167.83
3.434 69.34 48488.59 48488.59
3.450 78.60 758489.08 758489.08
3.450 79.75 24764.82 24764.82
3.453 80.76 24422.69 24422.69
3.456 63.50 62270.48 62270.48
3.460 72.39 228283.18 228283.18
3.469 78.60 745367.81 745367.81
3.469 79.49 63005.90 63005.90
3.469 80.76 23420.30 23420.30
3.469 81.90 20444.09 20444.09
3.486 78.48 838191.24 838191.24
3.486 76.96 63091.33 63091.33
3.486 80.76 23426.91 23426.91
3.489 72.39 119575.78 119575.78
3.489 79.49 47220.48 47220.48
3.499 78.48 186924.53 186924.53
3.499 79.87 37764.10 37764.10
3.499 80.89 25941.87 25941.87
3.505 74.80 18752.50 18752.50
3.512 63.63 20257.04 20257.04
3.515 44.60 107352.25 107352.25
3.522 74.16 424862.36 424862.36
3.522 78.73 22159.50 22159.50
3.532 75.43 156824.68 156824.68
3.532 69.34 50280.52 50280.52
3.538 74.16 747672.27 747672.27
3.538 63.38 139177.89 139177.89
3.538 78.60 20528.67 20528.67
3.548 69.34 30641.73 30641.73
3.555 66.68 22256.48 22256.48
3.558 65.28 20493.63 20493.63
3.561 74.54 17916.57 17916.57
3.574 74.67 18158.77 18158.77
3.581 78.73 17544.73 17544.73
3.584 72.26 54129.62 54129.62
3.584 65.41 32866.75 32866.75
3.584 63.50 22933.74 22933.74
3.591 24.93 25098.22 25098.22
3.607 62.49 23133.28 23133.28
3.610 57.41 203389.45 203389.45
3.610 75.18 17775.03 17775.03
3.613 74.42 21808.56 21808.56
3.617 63.63 27201.73 27201.73
3.633 65.28 23750.89 23750.89
3.643 68.58 42877.90 42877.90
3.643 78.60 22457.51 22457.51
3.643 63.63 21838.61 21838.61
3.646 75.31 26597.14 26597.14
3.653 65.41 31139.74 31139.74
3.656 57.54 82605.68 82605.68
3.663 72.39 17614.34 17614.34
3.666 63.63 54659.17 54659.17
3.669 75.69 20700.75 20700.75
3.676 65.53 23319.03 23319.03
3.679 56.27 36326.53 36326.53
3.682 63.63 60974.87 60974.87
3.682 57.54 22319.35 22319.35
3.685 66.04 24911.81 24911.81
3.689 78.86 18546.27 18546.27
3.692 76.83 52225.01 52225.01
3.692 77.84 32853.53 32853.53
3.692 59.70 23886.95 23886.95
3.698 72.39 49693.25 49693.25
3.702 75.56 762746.51 762746.51
3.702 76.32 43867.54 43867.54
3.705 74.29 76124.17 76124.17
3.705 66.30 19822.58 19822.58
3.705 77.21 19081.17 19081.17
3.708 78.60 61719.10 61719.10
3.712 63.50 872429.38 872429.38
3.712 65.28 32814.67 32814.67
3.715 76.57 61221.30 61221.30
3.715 72.39 34225.80 34225.80
3.715 77.59 25104.85 25104.85
3.718 75.56 154585.70 154585.70
3.718 66.80 20739.67 20739.67
3.721 64.77 58077.11 58077.11
3.721 65.79 25957.44 25957.44
3.725 63.50 506150.25 506150.25
3.725 78.60 56000.91 56000.91
3.728 64.26 30798.98 30798.98
3.728 65.41 24435.82 24435.82
3.741 53.35 111223.20 111223.20
3.744 75.56 18287.90 18287.90
3.748 63.25 142097.26 142097.26
3.751 72.26 34312.67 34312.67
3.751 74.29 31470.11 31470.11
3.757 75.43 25967.21 25967.21
3.764 61.98 33837.49 33837.49
3.764 64.65 33444.90 33444.90
3.764 65.79 23559.37 23559.37
3.767 63.25 311136.68 311136.68
3.767 74.29 28345.41 28345.41
3.770 65.03 19416.34 19416.34
3.774 75.05 19965.00 19965.00
3.780 74.80 21465.68 21465.68
3.784 70.36 32364.03 32364.03
3.793 63.63 30375.76 30375.76
3.806 74.04 286668.05 286668.05
3.806 65.15 22166.00 22166.00
3.810 75.05 65522.57 65522.57
3.813 83.30 19489.13 19489.13
3.816 74.04 741245.50 741245.50
3.820 78.86 19731.29 19731.29
3.823 72.39 40584.07 40584.07
3.823 65.15 28061.64 28061.64
3.826 63.25 648632.71 648632.71
3.826 74.04 431962.28 431962.28
3.829 65.41 36987.60 36987.60
3.829 75.05 27425.78 27425.78
3.839 65.28 18389.70 18389.70
3.842 63.25 321238.83 321238.83
3.842 57.92 28392.72 28392.72
3.856 74.92 20098.45 20098.45
3.856 59.19 20008.00 20008.00
3.859 63.76 54543.54 54543.54
3.862 72.39 28118.11 28118.11
3.872 70.61 81051.52 81051.52
3.878 64.77 29423.75 29423.75
3.878 74.80 20486.79 20486.79
3.882 63.50 1077648.75 1077648.75
3.882 72.39 26853.71 26853.71
3.882 66.17 20747.26 20747.26
3.885 78.73 28187.97 28187.97
3.888 68.71 25729.87 25729.87
3.895 63.38 813729.73 813729.73
3.898 64.77 48904.68 48904.68
3.905 72.51 155464.84 155464.84
3.905 74.16 45504.48 45504.48
3.921 56.52 49446.43 49446.43
3.924 59.19 29973.83 29973.83
3.927 73.40 31353.30 31353.30
3.931 72.13 43674.87 43674.87
3.967 74.29 17708.49 17708.49
3.970 58.05 27377.06 27377.06
3.973 71.75 67739.31 67739.31
3.973 63.50 38341.73 38341.73
3.993 71.88 73232.56 73232.56
3.993 76.19 19601.63 19601.63
4.003 66.04 26841.04 26841.04
4.016 75.05 29377.94 29377.94
4.035 71.88 39608.57 39608.57
4.042 24.80 18570.91 18570.91
4.045 59.06 49687.64 49687.64
4.058 75.05 30958.13 30958.13
4.071 68.07 27709.15 27709.15
4.107 71.24 711013.88 711013.88
4.111 72.26 67664.36 67664.36
4.111 22.77 26814.02 26814.02
4.114 63.88 61043.96 61043.96
4.114 73.27 24097.62 24097.62
4.143 69.98 43865.61 43865.61
4.156 61.35 17477.17 17477.17
4.160 14.52 18034.41 18034.41
4.170 61.09 28132.18 28132.18
4.173 52.84 17558.75 17558.75
4.199 98.66 53082.15 53082.15
4.202 71.24 17693.72 17693.72
4.242 103.10 18137.58 18137.58
4.248 0.94 19462.72 19462.72
4.248 38.00 17633.21 17633.21
4.251 74.16 20517.59 20517.59
4.268 106.65 17950.46 17950.46
4.271 62.11 29328.73 29328.73
4.281 70.99 17557.19 17557.19
4.291 72.39 20921.31 20921.31
4.294 32.54 20316.15 20316.15
4.294 123.40 18949.52 18949.52
4.300 62.11 21565.32 21565.32
4.300 100.30 17484.52 17484.52
4.304 38.00 18187.40 18187.40
4.310 83.55 21385.23 21385.23
4.310 139.01 20114.37 20114.37
4.313 69.09 23730.82 23730.82
4.313 78.86 22187.69 22187.69
4.317 85.84 18717.39 18717.39
4.320 73.27 20662.74 20662.74
4.333 6.27 17535.81 17535.81
4.363 82.03 18398.61 18398.61
4.372 113.63 19356.45 19356.45
4.402 115.66 24447.47 24447.47
4.412 83.43 19451.76 19451.76
4.412 7.54 18804.48 18804.48
4.418 37.87 24288.77 24288.77
4.418 1.83 19163.80 19163.80
4.428 115.79 18036.09 18036.09
4.435 108.68 22372.08 22372.08
4.448 72.26 26741.00 26741.00
4.451 0.69 19082.87 19082.87
4.457 106.65 23645.34 23645.34
4.457 139.01 19898.26 19898.26
4.457 50.81 18966.41 18966.41
4.457 48.78 18769.88 18769.88
4.461 26.32 19012.21 19012.21
4.461 78.10 18679.35 18679.35
4.461 130.13 17826.52 17826.52
4.464 115.79 22643.97 22643.97
4.464 16.17 21539.36 21539.36
4.464 85.46 18076.21 18076.21
4.467 65.28 19928.67 19928.67
4.467 24.67 19389.49 19389.49
4.467 104.62 19126.51 19126.51
4.471 38.00 25593.46 25593.46
4.471 49.29 18956.08 18956.08
4.474 52.08 21715.30 21715.30
4.474 71.12 18540.02 18540.02
4.474 85.84 18249.76 18249.76
4.477 34.57 20249.90 20249.90
4.477 86.09 19526.80 19526.80
4.477 30.26 18356.97 18356.97
4.477 117.18 17930.36 17930.36
4.480 78.48 19185.75 19185.75
4.487 0.81 31736.31 31736.31
4.487 137.87 20034.75 20034.75
4.487 16.55 18899.18 18899.18
4.490 103.10 24581.72 24581.72
4.493 61.98 21987.45 21987.45
4.493 74.67 19902.90 19902.90
4.493 108.68 19710.38 19710.38
4.497 22.90 34409.51 34409.51
4.497 33.05 19764.73 19764.73
4.497 106.52 18691.97 18691.97
4.500 17.06 24854.14 24854.14
4.500 24.55 20118.85 20118.85
4.503 97.64 18747.08 18747.08
4.506 137.87 21446.66 21446.66
4.510 108.68 27243.37 27243.37
4.510 74.80 18785.90 18785.90
4.513 87.61 26023.22 26023.22
4.513 83.05 21884.44 21884.44
4.513 33.30 18703.16 18703.16
4.516 30.64 17456.81 17456.81
4.520 125.30 33488.55 33488.55
4.520 103.10 30666.98 30666.98
4.520 49.42 27837.87 27837.87
4.520 37.87 26415.76 26415.76
4.520 18.71 25666.76 25666.76
4.520 139.01 25503.42 25503.42
4.520 128.86 20174.28 20174.28
4.520 113.50 19366.64 19366.64
4.520 12.11 18698.74 18698.74
4.523 105.00 31963.45 31963.45
4.523 16.04 20286.10 20286.10
4.523 52.84 18987.60 18987.60
4.526 0.81 35407.71 35407.71
4.526 30.51 18381.94 18381.94
4.529 108.68 24343.11 24343.11
4.533 5.00 23330.82 23330.82
4.533 116.93 18233.53 18233.53
4.536 1.83 28599.47 28599.47
4.539 135.33 20543.95 20543.95
4.542 20.48 23423.61 23423.61
4.542 68.96 22991.79 22991.79
4.542 23.02 22893.21 22893.21
4.542 28.48 21787.80 21787.80
4.542 108.81 18510.94 18510.94
4.546 137.99 32753.71 32753.71
4.546 72.26 32437.24 32437.24
4.546 16.04 23988.59 23988.59
4.546 11.98 20543.45 20543.45
4.546 106.78 18535.21 18535.21
4.546 122.77 17604.85 17604.85
4.546 119.09 17385.85 17385.85
4.549 134.19 23486.06 23486.06
4.549 116.93 22368.84 22368.84
4.552 98.66 55640.23 55640.23
4.552 25.18 33137.57 33137.57
4.552 107.16 28740.87 28740.87
4.552 94.98 21454.97 21454.97
4.552 9.57 20107.74 20107.74
4.556 123.53 26053.79 26053.79
4.556 5.26 25719.18 25719.18
4.556 0.69 22075.60 22075.60
4.556 97.26 18107.67 18107.67
4.556 52.97 18024.96 18024.96
4.556 29.75 17950.99 17950.99
4.559 34.57 51778.47 51778.47
4.559 55.26 38089.40 38089.40
4.559 117.06 30457.74 30457.74
4.559 66.42 27303.69 27303.69
4.559 30.13 25418.72 25418.72
4.559 23.53 20400.66 20400.66
4.559 65.28 18688.63 18688.63
4.559 102.97 17567.36 17567.36
4.559 100.18 17432.88 17432.88
4.559 42.18 17415.18 17415.18
4.562 32.16 28138.13 28138.13
4.562 112.23 26448.98 26448.98
4.562 130.38 23159.93 23159.93
4.562 127.97 19551.72 19551.72
4.565 45.99 30454.28 30454.28
4.565 69.34 27190.33 27190.33
4.565 86.35 23197.39 23197.39
4.565 52.59 17422.40 17422.40
4.569 113.63 25996.17 25996.17
4.572 78.60 24090.17 24090.17
4.572 115.91 19385.69 19385.69
4.572 67.69 18988.69 18988.69
4.575 5.26 26860.16 26860.16
4.575 100.30 25241.95 25241.95
4.575 57.29 23750.98 23750.98
4.575 26.83 23298.17 23298.17
4.575 3.10 20067.28 20067.28
4.575 117.18 19781.94 19781.94
4.578 82.79 29818.14 29818.14
4.578 76.32 26515.22 26515.22
4.578 16.93 21779.14 21779.14
4.578 12.24 20009.12 20009.12
4.578 25.05 18356.14 18356.14
4.582 46.25 22527.72 22527.72
4.582 119.59 20967.81 20967.81
4.582 30.00 18199.02 18199.02
4.582 49.16 17988.31 17988.31
4.585 87.11 40475.81 40475.81
4.585 52.97 30276.97 30276.97
4.585 34.70 28934.09 28934.09
4.585 69.85 25999.55 25999.55
4.585 42.95 24278.47 24278.47
4.585 30.76 24197.76 24197.76
4.585 14.39 23854.61 23854.61
4.585 55.38 21233.09 21233.09
4.585 106.40 17487.74 17487.74
4.588 130.00 24285.68 24285.68
4.588 37.87 24037.63 24037.63
4.588 19.47 20515.96 20515.96
4.588 119.85 18008.48 18008.48
4.592 61.60 31656.72 31656.72
4.592 108.81 28921.70 28921.70
4.592 138.88 25775.06 25775.06
4.592 28.61 21958.78 21958.78
4.592 26.96 20617.35 20617.35
4.592 103.10 18427.00 18427.00
4.595 0.69 48545.22 48545.22
4.595 120.10 18649.33 18649.33
4.595 99.16 17955.87 17955.87
4.598 5.38 27828.41 27828.41
4.598 7.54 26605.34 26605.34
4.598 3.23 17455.20 17455.20
4.601 134.82 25592.81 25592.81
4.601 22.64 21301.84 21301.84
4.601 14.39 19420.42 19420.42
4.605 108.81 41631.72 41631.72
4.605 117.18 35888.21 35888.21
4.605 6.40 29872.25 29872.25
4.605 103.10 23214.09 23214.09
4.605 105.38 21853.89 21853.89
4.605 99.42 20372.54 20372.54
4.605 136.09 19454.46 19454.46
4.605 15.79 17592.90 17592.90
4.608 70.23 33208.13 33208.13
4.608 106.52 28536.00 28536.00
4.608 25.05 26238.67 26238.67
4.608 97.64 20889.23 20889.23
4.608 92.31 19172.75 19172.75
4.608 72.13 17816.29 17816.29
4.608 17.18 17790.70 17790.70
4.608 44.72 17700.64 17700.64
4.611 90.53 41769.54 41769.54
4.611 113.50 32297.89 32297.89
4.611 76.70 30283.43 30283.43
4.611 100.30 29623.12 29623.12
4.611 9.06 27551.34 27551.34
4.611 125.18 20707.93 20707.93
4.611 61.85 19026.00 19026.00
4.611 27.21 19020.32 19020.32
4.611 111.35 18764.30 18764.30
4.611 70.74 17851.64 17851.64
4.614 0.81 73040.22 73040.22
4.614 37.74 48024.31 48024.31
4.614 49.29 44992.38 44992.38
4.614 19.22 38786.69 38786.69
4.614 3.23 31207.10 31207.10
4.614 112.49 28783.11 28783.11
4.614 64.26 25621.47 25621.47
4.614 57.41 23024.76 23024.76
4.614 131.27 22985.56 22985.56
4.614 67.69 20431.96 20431.96
4.614 115.79 18158.59 18158.59
4.618 138.88 39054.75 39054.75
4.618 137.61 36922.87 36922.87
4.618 38.50 31230.05 31230.05
4.618 92.56 21444.53 21444.53
4.618 18.33 19754.86 19754.86
4.618 48.40 18518.15 18518.15
4.621 81.65 29830.13 29830.13
4.621 86.35 25925.97 25925.97
4.621 103.10 24257.03 24257.03
4.621 78.99 23151.14 23151.14
4.621 28.35 22466.99 22466.99
4.621 29.87 20829.21 20829.21
4.621 30.76 18861.33 18861.33
4.621 50.69 18856.93 18856.93
4.621 120.48 18733.73 18733.73
4.621 65.53 18670.51 18670.51
4.624 49.54 59453.23 59453.23
4.624 119.47 30873.57 30873.57
4.624 14.39 24571.90 24571.90
4.624 95.23 23059.31 23059.31
4.624 87.74 22762.31 22762.31
4.628 12.11 74752.96 74752.96
4.628 117.31 48111.10 48111.10
4.628 22.90 30225.84 30225.84
4.628 127.84 30000.15 30000.15
4.631 65.66 42774.92 42774.92
4.631 50.81 33371.16 33371.16
4.631 64.52 31866.19 31866.19
4.631 73.02 30049.52 30049.52
4.631 7.29 22123.42 22123.42
4.631 74.92 20368.95 20368.95
4.631 6.14 18497.37 18497.37
4.634 38.00 35886.06 35886.06
4.634 29.87 30192.12 30192.12
4.634 5.00 28486.14 28486.14
4.634 139.01 23742.45 23742.45
4.634 120.48 20235.36 20235.36
4.634 115.91 19759.58 19759.58
4.637 14.39 70717.68 70717.68
4.637 103.10 53649.62 53649.62
4.637 100.56 42270.72 42270.72
4.637 132.92 28572.67 28572.67
4.637 39.27 24399.36 24399.36
4.637 81.90 24336.73 24336.73
4.641 98.66 1135051.38 1135051.38
4.641 108.81 62745.55 62745.55
4.641 101.70 32480.17 32480.17
4.641 52.97 29845.85 29845.85
4.641 22.26 29772.13 29772.13
4.641 67.82 22194.70 22194.70
4.641 57.54 19332.06 19332.06
4.641 72.26 18450.81 18450.81
4.644 30.38 52464.59 52464.59
4.644 99.92 50962.02 50962.02
4.644 76.83 50694.10 50694.10
4.644 105.00 27618.23 27618.23
4.644 55.51 24580.46 24580.46
4.647 14.39 50755.36 50755.36
4.647 103.10 35999.44 35999.44
4.647 41.93 26420.63 26420.63
4.647 30.00 22692.90 22692.90
4.647 106.65 20714.52 20714.52
4.650 45.86 34189.93 34189.93
4.650 24.42 28836.38 28836.38
4.650 38.00 25806.24 25806.24
4.650 117.18 24897.01 24897.01
4.650 113.63 23633.32 23633.32
4.650 137.74 22695.86 22695.86
4.650 32.29 22449.69 22449.69
4.650 115.79 17527.08 17527.08
4.654 30.76 41285.99 41285.99
4.654 51.96 29407.62 29407.62
4.654 5.26 21019.89 21019.89
4.654 58.43 21013.07 21013.07
4.654 73.27 19675.83 19675.83
4.654 75.05 18955.82 18955.82
4.654 15.92 17775.94 17775.94
4.657 112.23 28721.82 28721.82
4.657 67.82 27580.79 27580.79
4.657 133.93 24712.44 24712.44
4.657 34.57 23229.38 23229.38
4.657 127.84 20710.32 20710.32
4.657 56.65 18385.98 18385.98
4.657 22.13 17429.17 17429.17
4.660 24.55 51976.94 51976.94
4.660 70.23 49360.87 49360.87
4.660 65.79 25114.65 25114.65
4.660 88.88 20083.68 20083.68
4.660 92.56 19886.49 19886.49
4.664 83.05 46915.72 46915.72
4.664 115.66 40872.17 40872.17
4.664 113.63 39112.59 39112.59
4.664 14.52 34163.59 34163.59
4.664 117.18 33220.31 33220.31
4.664 28.35 31221.70 31221.70
4.664 137.87 29182.45 29182.45
4.664 71.88 28369.47 28369.47
4.664 11.98 27637.22 27637.22
4.664 123.65 22263.96 22263.96
4.664 26.83 22144.61 22144.61
4.664 103.10 21193.66 21193.66
4.664 50.69 19092.69 19092.69
4.664 5.13 17851.92 17851.92
4.667 100.18 41687.31 41687.31
4.667 64.39 34255.03 34255.03
4.667 139.01 23089.76 23089.76
4.667 33.17 20835.82 20835.82
4.667 101.83 19276.87 19276.87
4.667 86.22 18243.08 18243.08
4.667 8.56 18023.24 18023.24
4.670 34.57 36606.23 36606.23
4.670 23.02 34427.86 34427.86
4.670 135.08 33232.29 33232.29
4.670 6.40 24706.36 24706.36
4.670 18.83 24693.13 24693.13
4.670 84.57 19882.60 19882.60
4.673 45.99 28605.40 28605.40
4.673 3.35 25344.44 25344.44
4.673 42.31 24067.00 24067.00
4.673 1.83 21359.30 21359.30
4.677 12.11 47702.32 47702.32
4.677 66.42 44278.88 44278.88
4.677 28.48 32308.80 32308.80
4.677 106.78 31328.14 31328.14
4.677 7.29 28236.16 28236.16
4.677 112.23 25956.32 25956.32
4.677 88.88 23905.70 23905.70
4.677 136.22 23389.77 23389.77
4.677 75.18 23029.65 23029.65
4.677 123.53 22573.04 22573.04
4.677 81.65 21602.65 21602.65
4.677 83.05 21103.70 21103.70
4.680 139.01 53394.74 53394.74
4.680 0.81 51119.98 51119.98
4.680 14.39 48649.53 48649.53
4.680 102.97 37896.43 37896.43
4.680 108.68 37332.74 37332.74
4.680 113.63 34392.55 34392.55
4.680 117.18 33113.95 33113.95
4.680 73.40 31922.53 31922.53
4.680 115.79 31407.29 31407.29
4.680 65.53 29435.56 29435.56
4.680 72.01 28886.99 28886.99
4.680 5.13 28042.17 28042.17
4.680 38.00 27940.91 27940.91
4.680 15.92 25404.74 25404.74
4.680 26.96 24669.88 24669.88
4.680 100.30 24476.17 24476.17
4.680 137.74 22488.73 22488.73
4.680 30.13 21865.09 21865.09
4.680 70.74 20759.04 20759.04
4.683 86.35 52683.20 52683.20
4.683 8.81 22333.34 22333.34
4.683 119.47 21578.52 21578.52
4.683 22.13 18463.54 18463.54
4.686 50.94 34863.97 34863.97
4.686 34.57 32611.26 32611.26
4.686 22.77 29394.26 29394.26
4.686 135.08 28656.40 28656.40
4.686 76.57 28421.39 28421.39
4.686 95.23 27968.66 27968.66
4.686 57.29 24507.35 24507.35
4.686 125.18 19882.44 19882.44
4.686 67.82 19835.23 19835.23
4.686 52.84 18469.35 18469.35
4.690 45.99 33463.73 33463.73
4.693 102.97 66921.98 66921.98
4.693 38.12 57741.55 57741.55
4.693 137.74 56802.88 56802.88
4.693 86.60 55408.71 55408.71
4.693 139.01 53805.00 53805.00
4.693 30.13 51854.49 51854.49
4.693 108.68 49448.96 49448.96
4.693 66.42 43457.76 43457.76
4.693 72.01 41975.60 41975.60
4.693 28.48 40575.19 40575.19
4.693 26.83 39957.92 39957.92
4.693 23.02 37841.22 37841.22
4.693 115.79 36954.97 36954.97
4.693 117.06 36325.27 36325.27
4.693 5.13 34496.38 34496.38
4.693 123.65 33872.94 33872.94
4.693 104.87 33147.67 33147.67
4.693 106.78 32290.48 32290.48
4.693 117.94 32089.04 32089.04
4.693 82.92 30134.09 30134.09
4.693 48.53 27926.78 27926.78
4.693 57.03 27566.17 27566.17
4.693 24.67 27177.06 27177.06
4.693 81.52 21922.53 21922.53
4.693 58.68 19915.12 19915.12
4.693 119.59 19008.59 19008.59
4.693 69.98 18899.73 18899.73
4.693 113.76 18210.94 18210.94
4.696 127.84 61909.34 61909.34
4.696 112.36 49618.04 49618.04
4.696 42.31 48819.26 48819.26
4.696 30.89 47861.08 47861.08
4.696 64.39 38376.82 38376.82
4.696 18.83 34362.55 34362.55
4.696 49.67 28330.82 28330.82
4.699 34.57 47714.80 47714.80
4.699 9.06 40973.35 40973.35
4.699 52.97 37061.92 37061.92
4.699 125.30 32360.98 32360.98
4.699 119.97 23398.11 23398.11
4.699 55.51 20585.98 20585.98
4.699 90.41 17750.14 17750.14
4.699 134.95 17609.51 17609.51
4.703 32.41 50988.63 50988.63
4.703 0.81 34366.71 34366.71
4.703 51.96 32036.28 32036.28
4.703 17.18 21123.40 21123.40
4.703 100.30 17943.32 17943.32
4.706 130.13 71362.01 71362.01
4.706 5.26 69484.10 69484.10
4.706 38.12 59750.07 59750.07
4.706 137.87 59082.50 59082.50
4.706 82.92 57543.80 57543.80
4.706 30.26 53929.75 53929.75
4.706 106.65 52007.99 52007.99
4.706 6.53 41374.96 41374.96
4.706 48.66 39392.17 39392.17
4.706 123.65 38266.59 38266.59
4.706 117.94 32109.44 32109.44
4.706 115.91 28723.86 28723.86
4.706 26.96 27516.56 27516.56
4.706 92.44 25458.63 25458.63
4.706 64.26 21535.86 21535.86
4.706 44.60 20062.44 20062.44
4.706 19.60 19762.72 19762.72
4.709 11.98 108886.12 108886.12
4.709 14.39 90681.89 90681.89
4.709 108.81 77608.53 77608.53
4.709 136.09 76905.79 76905.79
4.709 139.14 72525.33 72525.33
4.709 65.41 71880.66 71880.66
4.709 70.10 49354.83 49354.83
4.709 74.80 46658.96 46658.96
4.709 23.15 45666.98 45666.98
4.709 81.65 42227.77 42227.77
4.709 103.10 41011.24 41011.24
4.709 86.73 39043.48 39043.48
4.709 90.66 37982.55 37982.55
4.709 66.55 36529.41 36529.41
4.709 117.06 36360.90 36360.90
4.709 105.00 35042.17 35042.17
4.709 80.51 30520.94 30520.94
4.709 9.57 29031.28 29031.28
4.709 49.93 27702.84 27702.84
4.709 77.84 27292.80 27292.80
4.709 28.48 26954.99 26954.99
4.709 24.80 25836.32 25836.32
4.709 67.82 24822.81 24822.81
4.709 50.81 22433.61 22433.61
4.713 52.34 65418.60 65418.60
4.713 7.54 58357.86 58357.86
4.713 131.27 43695.42 43695.42
4.713 45.86 25776.47 25776.47
4.713 31.02 23132.95 23132.95
4.713 1.83 22102.12 22102.12
4.713 112.36 19828.12 19828.12
4.713 120.36 18281.60 18281.60
4.716 34.70 71393.38 71393.38
4.716 25.18 47634.21 47634.21
4.716 0.81 44560.92 44560.92
4.716 127.97 37874.38 37874.38
4.716 134.82 28887.88 28887.88
4.716 17.44 20956.40 20956.40
4.716 20.86 18737.99 18737.99
4.719 113.76 115397.35 115397.35
4.719 70.23 99691.97 99691.97
4.719 18.96 93937.68 93937.68
4.719 117.94 67692.73 67692.73
4.719 132.79 57724.56 57724.56
4.719 50.81 45644.31 45644.31
4.719 42.95 28400.98 28400.98
4.719 97.51 28301.32 28301.32
4.722 14.39 153528.34 153528.34
4.722 103.22 132255.73 132255.73
4.722 15.79 132126.68 132126.68
4.722 100.18 125174.33 125174.33
4.722 52.46 124574.36 124574.36
4.722 77.97 120696.27 120696.27
4.722 30.26 110313.92 110313.92
4.722 38.12 108242.69 108242.69
4.722 12.11 104195.24 104195.24
4.722 82.79 102798.25 102798.25
4.722 86.73 99649.13 99649.13
4.722 22.39 93873.93 93873.93
4.722 73.40 91615.51 91615.51
4.722 116.93 90037.54 90037.54
4.722 28.48 89578.40 89578.40
4.722 139.14 82417.35 82417.35
4.722 108.81 75301.76 75301.76
4.722 106.90 73220.13 73220.13
4.722 81.78 64149.00 64149.00
4.722 48.66 58587.09 58587.09
4.722 115.79 53105.15 53105.15
4.722 44.60 44426.64 44426.64
4.722 137.99 39009.81 39009.81
4.722 26.96 36909.82 36909.82
4.722 64.26 31811.93 31811.93
4.722 63.00 25117.63 25117.63
4.722 49.93 19491.45 19491.45
4.726 72.26 178781.02 178781.02
4.726 5.13 167076.42 167076.42
4.726 66.55 104438.27 104438.27
4.726 89.01 98965.07 98965.07
4.726 105.00 83007.56 83007.56
4.726 25.43 71963.06 71963.06
4.726 70.86 42057.75 42057.75
4.726 45.74 40324.36 40324.36
4.726 55.76 39573.68 39573.68
4.726 114.26 26693.13 26693.13
4.729 136.34 187360.95 187360.95
4.729 52.72 153090.39 153090.39
4.729 101.70 137104.98 137104.98
4.729 19.47 107904.81 107904.81
4.729 134.95 98034.81 98034.81
4.729 118.07 95440.20 95440.20
4.729 67.69 93647.52 93647.52
4.729 92.56 92169.75 92169.75
4.729 34.70 86450.19 86450.19
4.729 70.61 83891.56 83891.56
4.729 33.05 74357.68 74357.68
4.729 0.81 67657.05 67657.05
4.729 84.32 61179.55 61179.55
4.729 86.35 48699.25 48699.25
4.729 16.93 48304.38 48304.38
4.729 119.59 39882.66 39882.66
4.729 94.98 31113.26 31113.26
4.729 7.54 26969.30 26969.30
4.729 58.30 26121.47 26121.47
4.729 57.03 22459.24 22459.24
4.729 106.52 21743.10 21743.10
4.732 5.13 177681.08 177681.08
4.732 6.40 136738.91 136738.91
4.732 73.66 44180.22 44180.22
4.732 76.57 42113.93 42113.93
4.732 59.19 37918.85 37918.85
4.732 90.66 37431.70 37431.70
4.732 58.68 20429.75 20429.75
4.735 38.12 266624.31 266624.31
4.735 86.98 231900.13 231900.13
4.735 82.79 184971.89 184971.89
4.735 78.99 181018.20 181018.20
4.735 74.92 176847.53 176847.53
4.735 120.74 152129.05 152129.05
4.735 112.23 100465.91 100465.91
4.735 30.00 99233.19 99233.19
4.735 130.51 81039.84 81039.84
4.735 44.72 62802.49 62802.49
4.735 70.61 58860.06 58860.06
4.735 39.52 57246.46 57246.46
4.735 77.97 49767.63 49767.63
4.735 113.63 48862.92 48862.92
4.735 8.43 41687.02 41687.02
4.735 114.26 39596.08 39596.08
4.735 70.23 34939.96 34939.96
4.735 50.69 33859.67 33859.67
4.739 28.48 328933.84 328933.84
4.739 123.40 288836.02 288836.02
4.739 12.11 272871.44 272871.44
4.739 137.87 262947.67 262947.67
4.739 23.15 247794.10 247794.10
4.739 81.78 229224.00 229224.00
4.739 107.41 219609.63 219609.63
4.739 108.81 194559.83 194559.83
4.739 139.14 189024.58 189024.58
4.739 14.39 153951.31 153951.31
4.739 26.83 144184.16 144184.16
4.739 48.66 141146.35 141146.35
4.739 105.38 136531.73 136531.73
4.739 103.10 136332.89 136332.89
4.739 115.79 128772.66 128772.66
4.739 135.46 119643.27 119643.27
4.739 65.41 111192.75 111192.75
4.739 49.80 101049.45 101049.45
4.739 134.44 91232.96 91232.96
4.739 89.26 83162.17 83162.17
4.739 128.10 83013.65 83013.65
4.739 32.03 80579.07 80579.07
4.739 86.60 64320.81 64320.81
4.739 60.84 62678.26 62678.26
4.739 88.00 59683.20 59683.20
4.739 106.65 48397.68 48397.68
4.739 25.31 35949.41 35949.41
4.739 46.88 28012.16 28012.16
4.742 87.23 313560.50 313560.50
4.742 117.18 239707.46 239707.46
4.742 67.82 203086.13 203086.13
4.742 5.38 178755.31 178755.31
4.742 125.18 166707.80 166707.80
4.742 24.29 164023.27 164023.27
4.742 57.41 150606.95 150606.95
4.742 84.70 141637.41 141637.41
4.742 7.29 139499.03 139499.03
4.742 3.23 105336.95 105336.95
4.742 42.18 81095.92 81095.92
4.742 0.94 79157.68 79157.68
4.742 34.70 77673.07 77673.07
4.742 33.17 65830.75 65830.75
4.742 55.89 55064.47 55064.47
4.742 22.01 29137.85 29137.85
4.742 20.99 25612.29 25612.29
4.742 52.84 22411.71 22411.71
4.745 100.56 176474.17 176474.17
4.745 40.92 147527.56 147527.56
4.745 72.39 124853.52 124853.52
4.745 106.40 87728.86 87728.86
4.745 39.77 47556.22 47556.22
4.745 63.38 31996.80 31996.80
4.749 24.55 427856.97 427856.97
4.749 28.48 304977.94 304977.94
4.749 26.96 287489.44 287489.44
4.749 120.61 275595.87 275595.87
4.749 48.66 257504.71 257504.71
4.749 80.64 216376.75 216376.75
4.749 135.58 209257.37 209257.37
4.749 103.10 169336.00 169336.00
4.749 136.73 135118.37 135118.37
4.749 76.19 100230.73 100230.73
4.749 78.99 39390.12 39390.12
4.749 104.62 33839.89 33839.89
4.749 18.33 30658.04 30658.04
4.752 14.39 690384.44 690384.44
4.752 123.40 668595.63 668595.63
4.752 82.92 619758.69 619758.69
4.752 117.31 513852.62 513852.62
4.752 81.90 478343.77 478343.77
4.752 115.79 439995.73 439995.73
4.752 86.85 426136.35 426136.35
4.752 32.03 421925.81 421925.81
4.752 38.12 395036.09 395036.09
4.752 106.90 378310.97 378310.97
4.752 66.68 361725.69 361725.69
4.752 64.39 360186.89 360186.89
4.752 5.13 344522.79 344522.79
4.752 130.00 326111.16 326111.16
4.752 100.81 306414.10 306414.10
4.752 42.06 283460.88 283460.88
4.752 105.38 219300.20 219300.20
4.752 102.21 171324.89 171324.89
4.752 92.44 170013.65 170013.65
4.752 114.14 169482.71 169482.71
4.752 70.36 129764.53 129764.53
4.752 97.39 117719.22 117719.22
4.752 49.80 114275.65 114275.65
4.752 78.22 93480.60 93480.60
4.752 130.38 89002.43 89002.43
4.752 71.12 84291.20 84291.20
4.752 54.11 62335.76 62335.76
4.752 33.55 52487.87 52487.87
4.752 29.75 51033.16 51033.16
4.752 79.37 49241.18 49241.18
4.752 93.83 39310.61 39310.61
4.755 109.06 940006.44 940006.44
4.755 103.35 704403.69 704403.69
4.755 137.99 670417.79 670417.79
4.755 24.93 616882.63 616882.63
4.755 28.86 582856.92 582856.92
4.755 95.23 505358.94 505358.94
4.755 12.24 492678.17 492678.17
4.755 65.53 487973.66 487973.66
4.755 27.21 394291.34 394291.34
4.755 88.12 372278.13 372278.13
4.755 48.91 359160.23 359160.23
4.755 74.92 346870.13 346870.13
4.755 118.45 329257.29 329257.29
4.755 15.54 302058.34 302058.34
4.755 8.68 284672.84 284672.84
4.755 50.69 235611.53 235611.53
4.755 99.92 164534.00 164534.00
4.755 6.40 111895.36 111895.36
4.755 18.58 78958.84 78958.84
4.758 139.26 2455168.00 2455168.00
4.758 123.78 1650369.38 1650369.38
4.758 7.41 1380007.75 1380007.75
4.758 83.30 1363920.75 1363920.75
4.758 14.65 1275468.00 1275468.00
4.758 107.28 1100567.00 1100567.00
4.758 87.11 1065373.58 1065373.58
4.758 32.29 1041979.31 1041979.31
4.758 118.83 973989.94 973989.94
4.758 56.27 860582.81 860582.81
4.758 89.26 848174.19 848174.19
4.758 112.49 801847.63 801847.63
4.758 66.93 739568.00 739568.00
4.758 105.89 739534.25 739534.25
4.758 42.31 713401.63 713401.63
4.758 72.64 712392.38 712392.38
4.758 30.51 710814.38 710814.38
4.758 44.85 700272.44 700272.44
4.758 51.57 658127.30 658127.30
4.758 101.07 655066.31 655066.31
4.758 45.99 541024.88 541024.88
4.758 21.12 434499.31 434499.31
4.758 97.64 303329.50 303329.50
4.758 36.09 288200.25 288200.25
4.758 121.24 248549.44 248549.44
4.758 130.76 245526.67 245526.67
4.758 109.70 179247.37 179247.37
4.758 85.58 92334.17 92334.17
4.762 125.30 1757743.38 1757743.38
4.762 52.84 1321466.88 1321466.88
4.762 32.67 1173046.63 1173046.63
4.762 103.73 1108679.75 1108679.75
4.762 84.70 1041642.74 1041642.74
4.762 56.65 979347.15 979347.15
4.762 107.67 943065.06 943065.06
4.762 30.89 916191.63 916191.63
4.762 67.44 901843.62 901843.62
4.762 132.66 883883.19 883883.19
4.762 47.13 837080.69 837080.69
4.762 5.64 805480.31 805480.31
4.762 3.35 801735.13 801735.13
4.762 68.07 759251.77 759251.77
4.762 134.31 750647.06 750647.06
4.762 49.16 497845.25 497845.25
4.762 9.06 448977.50 448977.50
4.762 76.32 399930.85 399930.85
4.762 92.69 320929.11 320929.11
4.762 69.34 304226.32 304226.32
4.765 139.52 4743845.50 4743845.50
4.765 83.68 2456968.03 2456968.03
4.765 22.01 1695172.00 1695172.00
4.765 57.79 1627759.63 1627759.63
4.765 90.91 1537646.25 1537646.25
4.765 1.07 1327556.50 1327556.50
4.765 106.14 1293387.00 1293387.00
4.765 119.09 1242200.13 1242200.13
4.765 27.59 1209902.38 1209902.38
4.765 55.38 1189064.88 1189064.88
4.765 34.82 1169899.25 1169899.25
4.765 36.47 1079741.75 1079741.75
4.765 89.52 989251.62 989251.62
4.765 110.96 870815.94 870815.94
4.765 95.61 790294.76 790294.76
4.765 16.17 758662.87 758662.87
4.765 46.25 727247.50 727247.50
4.765 17.18 690303.93 690303.93
4.765 85.84 558298.18 558298.18
4.765 37.87 493891.34 493891.34
4.765 74.16 490082.59 490082.59
4.765 136.85 395155.01 395155.01
4.765 96.24 368539.03 368539.03
4.765 75.43 362949.73 362949.73
4.765 121.50 311255.06 311255.06
4.765 125.81 306112.75 306112.75
4.765 34.19 244765.33 244765.33
4.768 2.08 2195807.25 2195807.25
4.768 53.22 2007763.63 2007763.63
4.768 91.29 1772618.88 1772618.88
4.768 32.92 1517100.00 1517100.00
4.768 99.04 1447268.75 1447268.75
4.768 103.98 1341575.38 1341575.38
4.768 75.81 1194014.50 1194014.50
4.768 16.55 1179692.63 1179692.63
4.768 38.88 1150280.63 1150280.63
4.768 47.51 1106275.88 1106275.88
4.768 31.14 1022212.00 1022212.00
4.768 134.82 951718.31 951718.31
4.768 100.56 866544.38 866544.38
4.768 107.92 800829.25 800829.25
4.768 98.02 772108.77 772108.77
4.768 96.62 641172.58 641172.58
4.768 65.03 542766.19 542766.19
4.768 63.50 509597.59 509597.59
4.768 35.20 452286.03 452286.03
4.768 54.75 154588.59 154588.59
4.768 19.09 116141.34 116141.34
4.771 111.47 1635640.75 1635640.75
4.771 89.90 1450737.50 1450737.50
4.771 10.59 1173599.00 1173599.00
4.771 62.23 1135231.82 1135231.82
4.771 86.09 1080497.00 1080497.00
4.771 81.14 985368.56 985368.56
4.771 24.16 955149.94 955149.94
4.771 127.46 876844.94 876844.94
4.771 121.75 839773.19 839773.19
4.771 36.73 763006.13 763006.13
4.771 40.15 724448.69 724448.69
4.771 46.50 650176.81 650176.81
4.771 120.36 609514.38 609514.38
4.771 9.32 528780.24 528780.24
4.771 31.65 404073.03 404073.03
4.771 60.33 403348.50 403348.50
4.771 19.47 351843.84 351843.84
4.771 6.78 312596.61 312596.61
4.771 92.94 295245.61 295245.61
4.771 73.53 276252.53 276252.53
4.771 94.09 120978.77 120978.77
4.775 47.77 1544819.25 1544819.25
4.775 126.19 1511120.50 1511120.50
4.775 25.81 1448119.88 1448119.88
4.775 131.52 942014.94 942014.94
4.775 4.11 872957.13 872957.13
4.775 96.88 796564.31 796564.31
4.775 43.33 704193.48 704193.48
4.775 17.95 675367.57 675367.57
4.775 78.86 674619.00 674619.00
4.775 68.71 640641.75 640641.75
4.775 114.77 600640.13 600640.13
4.775 52.21 599010.25 599010.25
4.775 80.25 557834.19 557834.19
4.775 103.10 401870.10 401870.10
4.775 101.70 382843.63 382843.63
4.775 63.12 372140.69 372140.69
4.775 4.49 313793.74 313793.74
4.775 28.23 215468.81 215468.81
4.775 26.45 195852.70 195852.70
4.775 11.35 139017.92 139017.92
4.775 88.25 75501.41 75501.41
4.778 62.62 1406955.50 1406955.50
4.778 122.00 1299021.88 1299021.88
4.778 116.55 1006286.06 1006286.06
4.778 77.21 916357.19 916357.19
4.778 36.98 746945.31 746945.31
4.778 71.37 566222.25 566222.25
4.778 13.76 505422.83 505422.83
4.778 130.13 452221.34 452221.34
4.778 93.20 448893.49 448893.49
4.778 110.20 378638.84 378638.84
4.778 39.77 361679.11 361679.11
4.778 25.43 316709.13 316709.13
4.778 113.12 188377.41 188377.41
4.778 50.69 118310.87 118310.87
4.778 135.84 85595.40 85595.40
4.781 69.85 805415.44 805415.44
4.781 59.95 783909.36 783909.36
4.781 79.75 661808.33 661808.33
4.781 129.87 510668.91 510668.91
4.781 45.23 484874.84 484874.84
4.781 29.75 475527.78 475527.78
4.781 114.39 450415.97 450415.97
4.781 119.47 334786.92 334786.92
4.781 15.28 307250.23 307250.23
4.781 38.38 274111.34 274111.34
4.781 101.45 211761.61 211761.61
4.781 130.13 211316.10 211316.10
4.781 19.72 207999.58 207999.58
4.781 58.43 189266.55 189266.55
4.781 124.54 188337.50 188337.50
4.781 134.95 184302.07 184302.07
4.781 18.58 162885.67 162885.67
4.781 133.43 159564.93 159564.93
4.781 108.30 138240.30 138240.30
4.781 100.18 83562.85 83562.85
4.781 57.16 52902.00 52902.00
4.785 17.57 632229.35 632229.35
4.785 8.43 395138.57 395138.57
4.785 22.90 384678.34 384678.34
4.785 96.62 284401.40 284401.40
4.785 86.09 280892.58 280892.58
4.785 61.35 274320.33 274320.33
4.785 66.17 220836.58 220836.58
4.785 102.34 220314.80 220314.80
4.785 6.02 184739.75 184739.75
4.785 87.61 84877.42 84877.42
4.785 85.20 75759.91 75759.91
4.788 26.32 628313.18 628313.18
4.788 48.02 606927.71 606927.71
4.788 53.61 577154.74 577154.74
4.788 129.37 563843.88 563843.88
4.788 28.10 509445.09 509445.09
4.788 40.53 488845.00 488845.00
4.788 17.82 372661.57 372661.57
4.788 135.33 361229.44 361229.44
4.788 94.47 335885.69 335885.69
4.788 99.54 316342.50 316342.50
4.788 120.61 309551.85 309551.85
4.788 35.59 263151.45 263151.45
4.788 39.39 257527.69 257527.69
4.788 65.28 235241.85 235241.85
4.788 115.41 227398.89 227398.89
4.788 2.59 219532.50 219532.50
4.788 11.73 211193.32 211193.32
4.788 102.84 206112.00 206112.00
4.788 74.80 191140.77 191140.77
4.788 10.71 188585.85 188585.85
4.788 38.12 151647.81 151647.81
4.788 127.97 144858.94 144858.94
4.788 111.73 134928.42 134928.42
4.788 113.50 128488.93 128488.93
4.788 24.29 117851.70 117851.70
4.788 64.01 114667.70 114667.70
4.788 26.70 111593.58 111593.58
4.788 81.14 56712.83 56712.83
4.791 77.34 391095.61 391095.61
4.791 122.13 382332.59 382332.59
4.791 49.80 382153.53 382153.53
4.791 137.36 371660.24 371660.24
4.791 62.62 368443.09 368443.09
4.791 12.62 323932.46 323932.46
4.791 86.47 308558.54 308558.54
4.791 43.20 267386.67 267386.67
4.791 128.35 208522.68 208522.68
4.791 123.15 177837.71 177837.71
4.791 100.81 156159.93 156159.93
4.794 79.62 445803.16 445803.16
4.794 29.11 362054.51 362054.51
4.794 103.22 343562.16 343562.16
4.794 120.86 296907.91 296907.91
4.794 41.80 289333.66 289333.66
4.794 20.36 211668.31 211668.31
4.794 105.38 211275.53 211275.53
4.794 131.78 180417.84 180417.84
4.794 24.67 178900.81 178900.81
4.794 69.98 136701.66 136701.66
4.794 71.37 110906.89 110906.89
4.794 104.62 105883.13 105883.13
4.794 81.65 105766.58 105766.58
4.794 18.45 100692.34 100692.34
4.794 95.99 83137.75 83137.75
4.794 26.96 79409.21 79409.21
4.794 72.39 43100.61 43100.61
4.794 4.88 32713.56 32713.56
4.798 15.28 347349.05 347349.05
4.798 50.05 341766.60 341766.60
4.798 118.07 331125.83 331125.83
4.798 97.01 327095.99 327095.99
4.798 123.53 264767.74 264767.74
4.798 86.73 238925.73 238925.73
4.798 30.26 219163.50 219163.50
4.798 82.92 195642.09 195642.09
4.798 135.96 175676.86 175676.86
4.798 66.68 173044.16 173044.16
4.798 35.84 160431.30 160431.30
4.798 114.26 152589.02 152589.02
4.798 130.63 149724.02 149724.02
4.798 107.03 130231.23 130231.23
4.798 78.35 114333.28 114333.28
4.798 108.68 97213.29 97213.29
4.798 6.40 77574.72 77574.72
4.798 33.81 66197.85 66197.85
4.798 118.58 60617.20 60617.20
4.798 54.49 59416.98 59416.98
4.798 9.95 44318.59 44318.59
4.801 139.77 3925385.19 3925385.19
4.801 43.71 317149.75 317149.75
4.801 88.00 254602.10 254602.10
4.801 93.83 234452.65 234452.65
4.801 8.68 226696.30 226696.30
4.801 20.86 206880.63 206880.63
4.801 51.19 202168.72 202168.72
4.801 72.77 112597.99 112597.99
4.801 124.54 109294.03 109294.03
4.801 97.39 109275.04 109275.04
4.801 138.76 98856.75 98856.75
4.801 89.14 67891.78 67891.78
4.801 47.13 54267.24 54267.24
4.801 3.73 49639.81 49639.81
4.804 85.20 271298.45 271298.45
4.804 56.27 237362.84 237362.84
4.804 105.89 180217.22 180217.22
4.804 129.37 174601.40 174601.40
4.804 96.24 106107.62 106107.62
4.804 44.21 97410.92 97410.92
4.804 7.54 95501.47 95501.47
4.804 126.07 95312.95 95312.95
4.804 35.33 69358.14 69358.14
4.804 85.71 61624.47 61624.47
4.804 136.85 47852.46 47852.46
4.804 69.47 45450.02 45450.02
4.804 17.44 29743.23 29743.23
4.804 104.49 28842.20 28842.20
4.807 107.54 175895.48 175895.48
4.807 7.92 122790.85 122790.85
4.807 36.22 113756.39 113756.39
4.807 47.39 75986.06 75986.06
4.807 78.22 67577.18 67577.18
4.807 68.33 53991.75 53991.75
4.807 109.44 29628.16 29628.16
4.807 74.16 27595.32 27595.32
4.807 70.86 23785.39 23785.39
4.807 10.97 23231.57 23231.57
4.811 33.81 201285.13 201285.13
4.811 59.95 194900.20 194900.20
4.811 10.33 186585.43 186585.43
4.811 29.11 138350.28 138350.28
4.811 79.75 112758.08 112758.08
4.811 119.34 100667.16 100667.16
4.811 59.06 89686.39 89686.39
4.811 98.40 85988.56 85988.56
4.811 35.71 76794.95 76794.95
4.811 135.71 59601.03 59601.03
4.811 15.28 50966.16 50966.16
4.811 40.92 49313.80 49313.80
4.811 112.49 48577.76 48577.76
4.811 138.25 38075.56 38075.56
4.811 121.50 29784.70 29784.70
4.811 24.80 27754.52 27754.52
4.811 83.55 25554.70 25554.70
4.814 118.32 229250.40 229250.40
4.814 64.01 101453.93 101453.93
4.814 53.99 63079.44 63079.44
4.814 133.05 52605.14 52605.14
4.814 39.27 47162.23 47162.23
4.814 46.37 25855.39 25855.39
4.814 76.19 18524.07 18524.07
4.814 90.79 17527.47 17527.47
4.817 136.85 122098.88 122098.88
4.817 115.15 121596.55 121596.55
4.817 126.32 87969.72 87969.72
4.817 16.55 79253.91 79253.91
4.817 2.59 68380.13 68380.13
4.817 62.62 59479.64 59479.64
4.817 47.77 52113.18 52113.18
4.817 74.16 41069.95 41069.95
4.817 138.50 33076.89 33076.89
4.817 110.33 30669.56 30669.56
4.817 99.54 26140.26 26140.26
4.817 61.35 20879.66 20879.66
4.821 13.63 148618.01 148618.01
4.821 98.40 138180.32 138180.32
4.821 121.50 121958.09 121958.09
4.821 36.85 106845.14 106845.14
4.821 4.24 73936.23 73936.23
4.821 17.95 61717.48 61717.48
4.821 54.62 47345.68 47345.68
4.821 111.85 46598.54 46598.54
4.821 91.68 30217.42 30217.42
4.821 114.01 22395.59 22395.59
4.821 90.41 20091.86 20091.86
4.821 58.43 18475.13 18475.13
4.824 0.18 539658.59 539658.59
4.824 51.57 56527.44 56527.44
4.824 100.94 53578.48 53578.48
4.824 109.44 39553.47 39553.47
4.824 88.25 36696.98 36696.98
4.824 31.91 30865.12 30865.12
4.824 71.50 21015.76 21015.76
4.824 8.05 20911.86 20911.86
4.827 139.77 389990.41 389990.41
4.827 35.59 114808.13 114808.13
4.827 50.05 89339.46 89339.46
4.827 77.72 71229.16 71229.16
4.827 102.21 62893.97 62893.97
4.827 29.24 58028.60 58028.60
4.827 86.85 35204.20 35204.20
4.827 15.15 28671.41 28671.41
4.827 127.08 26610.51 26610.51
4.827 78.22 25546.59 25546.59
4.827 41.17 23321.39 23321.39
4.827 93.07 17506.63 17506.63
4.830 2.59 76675.18 76675.18
4.830 93.96 61263.26 61263.26
4.830 91.80 49606.80 49606.80
4.830 24.80 48022.09 48022.09
4.830 99.54 47978.03 47978.03
4.830 113.88 39038.01 39038.01
4.830 63.88 33502.44 33502.44
4.830 119.34 29119.99 29119.99
4.830 27.84 25346.56 25346.56
4.830 16.68 23216.66 23216.66
4.830 33.68 22760.59 22760.59
4.830 133.30 20330.58 20330.58
4.830 103.60 19188.53 19188.53
4.834 36.98 75189.45 75189.45
4.834 53.73 68955.96 68955.96
4.834 121.62 53144.01 53144.01
4.834 129.24 50957.76 50957.76
4.834 47.89 42757.91 42757.91
4.834 135.33 41843.78 41843.78
4.834 111.73 41767.03 41767.03
4.834 45.10 40490.13 40490.13
4.834 46.75 38545.33 38545.33
4.834 115.15 37899.10 37899.10
4.834 136.85 31605.10 31605.10
4.834 10.46 31353.88 31353.88
4.834 4.37 30913.73 30913.73
4.834 17.95 29481.25 29481.25
4.834 131.78 24219.49 24219.49
4.834 74.04 23017.99 23017.99
4.834 108.05 21013.18 21013.18
4.834 62.74 20603.57 20603.57
4.837 133.55 34352.01 34352.01
4.837 19.22 24105.41 24105.41
4.837 100.94 20663.23 20663.23
4.837 94.47 18063.05 18063.05
4.840 56.14 57281.92 57281.92
4.840 20.86 54806.68 54806.68
4.840 12.74 49508.37 49508.37
4.840 118.20 47388.41 47388.41
4.840 50.18 39236.42 39236.42
4.840 61.22 38474.77 38474.77
4.840 15.15 37376.58 37376.58
4.840 85.46 33068.98 33068.98
4.840 41.30 31514.24 31514.24
4.840 114.14 30882.91 30882.91
4.840 29.11 30134.05 30134.05
4.840 78.22 26567.77 26567.77
4.840 79.62 23950.16 23950.16
4.840 24.80 23777.19 23777.19
4.840 96.75 19843.41 19843.41
4.843 139.77 346380.28 346380.28
4.843 104.49 18759.44 18759.44
4.847 43.71 63095.68 63095.68
4.847 94.09 48375.87 48375.87
4.847 98.27 39617.96 39617.96
4.847 26.45 39341.90 39341.90
4.847 131.78 37445.46 37445.46
4.847 17.95 32219.56 32219.56
4.847 2.59 29410.64 29410.64
4.847 10.71 29062.89 29062.89
4.847 99.42 28461.53 28461.53
4.847 63.76 26841.84 26841.84
4.847 47.89 24008.73 24008.73
4.847 94.47 22192.45 22192.45
4.847 11.22 22175.44 22175.44
4.847 115.03 22108.95 22108.95
4.847 58.43 19051.63 19051.63
4.847 4.11 18491.46 18491.46
4.850 121.88 77124.04 77124.04
4.850 126.07 40306.93 40306.93
4.850 127.46 24933.88 24933.88
4.850 77.08 20112.89 20112.89
4.850 137.11 19344.18 19344.18
4.853 0.18 249112.23 249112.23
4.853 35.71 45158.32 45158.32
4.853 29.11 40275.08 40275.08
4.853 59.82 36251.09 36251.09
4.853 33.81 35467.16 35467.16
4.853 118.32 35220.79 35220.79
4.853 20.99 33066.42 33066.42
4.853 13.76 32196.21 32196.21
4.853 71.12 23172.96 23172.96
4.853 124.29 19169.51 19169.51
4.857 79.62 32498.37 32498.37
4.857 15.15 21941.84 21941.84
4.857 46.75 18316.68 18316.68
4.860 91.68 37716.00 37716.00
4.860 88.25 28006.35 28006.35
4.863 43.83 60650.49 60650.49
4.863 35.59 44019.58 44019.58
4.863 17.95 40041.07 40041.07
4.863 47.77 38764.34 38764.34
4.863 11.09 27927.72 27927.72
4.863 2.59 27234.30 27234.30
4.863 36.98 22576.11 22576.11
4.863 107.92 20105.64 20105.64
4.863 10.21 19457.74 19457.74
4.863 89.90 19279.39 19279.39
4.863 51.45 19234.27 19234.27
4.863 62.62 17390.13 17390.13
4.866 98.40 55261.94 55261.94
4.866 3.99 39747.14 39747.14
4.866 132.03 37699.42 37699.42
4.866 103.60 17537.48 17537.48
4.866 114.77 17369.95 17369.95
4.870 139.77 234772.96 234772.96
4.870 0.18 206427.63 206427.63
4.870 50.05 47625.83 47625.83
4.870 12.87 37198.53 37198.53
4.870 118.32 33470.64 33470.64
4.870 15.15 32862.32 32862.32
4.870 88.38 29310.93 29310.93
4.870 54.49 28961.75 28961.75
4.870 79.62 28566.12 28566.12
4.870 33.81 25517.81 25517.81
4.870 78.10 24957.65 24957.65
4.870 90.66 21363.19 21363.19
4.873 35.71 57447.04 57447.04
4.873 129.24 45193.34 45193.34
4.873 100.94 44096.52 44096.52
4.873 13.63 38930.51 38930.51
4.873 127.21 34126.79 34126.79
4.873 109.57 28816.65 28816.65
4.873 130.63 21076.80 21076.80
4.873 45.10 18491.35 18491.35
4.876 36.98 43233.69 43233.69
4.876 2.59 33137.75 33137.75
4.876 59.70 31635.11 31635.11
4.876 72.64 31431.05 31431.05
4.876 91.80 28594.31 28594.31
4.876 47.89 26823.01 26823.01
4.876 67.18 26299.18 26299.18
4.876 96.62 22034.85 22034.85
4.876 108.05 20698.78 20698.78
4.876 11.22 19700.68 19700.68
4.876 136.85 19195.36 19195.36
4.876 10.08 19104.32 19104.32
4.876 8.05 18124.48 18124.48
4.876 20.86 18087.95 18087.95
4.879 126.07 35041.79 35041.79
4.879 94.09 31683.59 31683.59
4.879 121.88 18457.80 18457.80
4.879 71.24 18214.10 18214.10
4.879 77.08 17685.96 17685.96
4.883 129.37 54699.08 54699.08
4.883 118.32 40257.91 40257.91
4.883 50.05 33849.60 33849.60
4.883 63.76 33165.25 33165.25
4.883 102.21 30020.58 30020.58
4.883 85.08 28755.38 28755.38
4.883 46.75 22410.98 22410.98
4.883 25.18 20146.45 20146.45
4.883 15.15 18340.61 18340.61
4.886 139.77 228131.73 228131.73
4.886 0.18 199795.35 199795.35
4.886 54.62 48251.97 48251.97
4.886 110.46 34360.20 34360.20
4.886 133.30 25644.51 25644.51
4.886 8.30 25242.80 25242.80
4.886 29.11 24018.68 24018.68
4.886 21.25 23057.28 23057.28
4.886 43.71 21973.88 21973.88
4.889 121.88 32174.24 32174.24
4.889 12.87 28762.76 28762.76
4.889 58.30 21242.84 21242.84
4.889 78.35 19218.13 19218.13
4.893 2.59 38929.29 38929.29
4.893 91.68 33261.02 33261.02
4.893 10.21 31005.61 31005.61
4.893 53.61 29363.77 29363.77
4.893 79.62 27669.82 27669.82
4.893 13.63 27423.85 27423.85
4.893 37.11 25210.90 25210.90
4.893 47.89 25032.77 25032.77
4.893 136.98 20586.56 20586.56
4.893 127.33 18522.28 18522.28
4.893 131.90 18395.69 18395.69
4.893 108.05 18370.86 18370.86
4.896 58.55 28241.74 28241.74
4.896 98.66 21918.41 21918.41
4.896 77.34 20035.91 20035.91
4.899 139.77 158295.81 158295.81
4.899 35.71 34577.12 34577.12
4.899 118.32 29873.85 29873.85
4.899 33.68 25965.07 25965.07
4.899 50.18 24486.63 24486.63
4.899 29.24 23726.37 23726.37
4.899 8.56 23601.60 23601.60
4.902 10.33 50315.88 50315.88
4.902 85.46 33799.57 33799.57
4.902 58.81 30977.83 30977.83
4.906 121.75 55520.19 55520.19
4.906 1.32 34802.46 34802.46
4.906 103.48 25313.75 25313.75
4.906 13.76 23967.94 23967.94
4.906 94.09 22611.93 22611.93
4.906 91.68 22057.94 22057.94
4.906 63.63 19303.27 19303.27
4.909 0.18 204251.94 204251.94
4.909 2.59 45992.80 45992.80
4.909 41.17 34531.68 34531.68
4.909 71.24 27082.86 27082.86
4.909 26.19 24531.82 24531.82
4.909 129.62 24519.19 24519.19
4.909 104.62 24103.94 24103.94
4.909 12.87 21893.61 21893.61
4.909 62.62 19712.78 19712.78
4.912 35.71 43397.19 43397.19
4.912 50.05 38419.68 38419.68
4.912 132.03 38118.68 38118.68
4.912 78.35 35568.28 35568.28
4.912 136.98 33148.29 33148.29
4.912 43.58 30323.54 30323.54
4.912 135.71 23726.28 23726.28
4.912 56.27 22811.03 22811.03
4.912 130.89 19665.42 19665.42
4.915 139.77 140448.53 140448.53
4.915 79.62 38205.14 38205.14
4.915 104.87 33106.43 33106.43
4.915 15.28 32612.99 32612.99
4.915 77.34 28576.94 28576.94
4.915 123.40 25262.22 25262.22
4.915 118.45 23124.60 23124.60
4.915 16.42 22608.14 22608.14
4.919 98.66 65497.75 65497.75
4.919 124.54 58606.77 58606.77
4.919 126.07 40513.99 40513.99
4.919 33.68 36810.82 36810.82
4.919 43.83 35257.43 35257.43
4.919 63.88 31034.73 31034.73
4.919 97.51 30558.89 30558.89
4.919 10.59 28233.48 28233.48
4.919 4.11 25436.49 25436.49
4.919 17.95 20497.84 20497.84
4.919 42.95 18336.78 18336.78
4.922 88.38 45343.95 45343.95
4.922 87.36 43366.85 43366.85
4.922 117.82 36909.71 36909.71
4.922 137.11 33703.11 33703.11
4.922 105.13 32885.08 32885.08
4.922 96.50 30133.07 30133.07
4.922 107.79 29160.86 29160.86
4.922 86.35 23559.40 23559.40
4.922 106.02 20016.58 20016.58
4.922 78.60 19437.04 19437.04
4.922 36.98 18044.55 18044.55
4.925 118.71 43298.30 43298.30
4.925 58.94 21471.11 21471.11
4.925 32.54 17693.08 17693.08
4.928 0.18 96468.38 96468.38
4.928 93.96 43890.88 43890.88
4.928 116.42 21205.33 21205.33
4.932 45.10 38597.67 38597.67
4.932 88.00 33267.37 33267.37
4.932 31.52 26983.46 26983.46
4.932 53.99 24411.07 24411.07
4.932 43.83 18207.09 18207.09
4.935 126.32 30618.00 30618.00
4.935 43.58 26333.13 26333.13
4.935 37.11 23965.88 23965.88
4.935 137.23 21024.94 21024.94
4.935 29.37 19818.10 19818.10
4.938 99.04 30975.37 30975.37
4.938 10.59 23490.98 23490.98
4.938 33.81 23183.19 23183.19
4.938 110.46 19966.63 19966.63
4.938 53.48 17683.19 17683.19
4.942 139.77 106969.73 106969.73
4.942 35.46 46570.15 46570.15
4.942 74.04 45502.33 45502.33
4.942 17.95 45282.46 45282.46
4.942 12.87 37396.74 37396.74
4.942 11.22 35542.81 35542.81
4.942 93.96 34323.22 34323.22
4.942 111.85 22203.47 22203.47
4.942 129.24 21844.27 21844.27
4.942 59.19 18572.11 18572.11
4.945 0.18 96126.21 96126.21
4.945 47.01 33610.83 33610.83
4.945 21.25 33571.23 33571.23
4.945 137.36 32554.99 32554.99
4.945 121.75 29563.83 29563.83
4.945 61.60 21678.53 21678.53
4.948 118.32 46457.76 46457.76
4.948 108.05 35983.65 35983.65
4.948 91.55 33454.73 33454.73
4.948 13.63 31014.64 31014.64
4.948 63.88 25744.49 25744.49
4.948 72.77 22397.49 22397.49
4.948 67.18 20576.38 20576.38
4.948 37.11 18500.12 18500.12
4.951 53.99 44894.25 44894.25
4.951 85.33 39860.70 39860.70
4.951 35.59 37703.45 37703.45
4.951 77.46 37205.99 37205.99
4.951 2.59 37190.60 37190.60
4.951 88.38 32149.18 32149.18
4.951 43.71 27039.81 27039.81
4.951 79.62 23441.34 23441.34
4.951 135.46 20428.81 20428.81
4.951 4.24 19379.44 19379.44
4.955 98.02 19715.50 19715.50
4.955 124.29 19278.38 19278.38
4.958 0.18 107822.66 107822.66
4.958 139.77 106301.98 106301.98
4.958 35.84 36230.65 36230.65
4.958 15.15 26703.56 26703.56
4.961 135.71 18864.20 18864.20
4.961 53.73 17375.80 17375.80
4.964 43.83 35543.13 35543.13
4.964 91.80 20281.26 20281.26
4.964 2.46 19762.42 19762.42
4.968 54.62 38152.70 38152.70
4.968 21.63 19244.04 19244.04
4.968 47.77 18751.91 18751.91
4.971 139.77 93752.50 93752.50
4.971 119.72 52018.16 52018.16
4.971 36.98 34283.49 34283.49
4.974 0.18 106632.59 106632.59
4.974 124.29 41290.36 41290.36
4.974 125.94 32577.27 32577.27
4.974 35.59 31654.90 31654.90
4.974 77.72 29931.19 29931.19
4.974 10.33 28377.57 28377.57
4.974 118.32 26358.10 26358.10
4.974 121.12 20553.32 20553.32
4.974 135.96 18811.74 18811.74
4.974 31.40 18115.46 18115.46
4.978 98.27 26611.73 26611.73
4.978 45.36 23102.82 23102.82
4.978 21.37 21955.44 21955.44
4.978 10.46 20456.96 20456.96
4.978 133.55 17790.54 17790.54
4.978 85.97 17516.35 17516.35
4.981 2.46 31836.16 31836.16
4.981 138.12 25508.10 25508.10
4.981 79.62 25107.63 25107.63
4.981 17.95 21902.08 21902.08
4.981 38.76 21344.74 21344.74
4.981 99.29 21279.64 21279.64
4.981 59.32 18947.57 18947.57
4.981 54.62 18677.95 18677.95
4.981 111.73 17654.14 17654.14
4.981 29.24 17502.76 17502.76
4.984 62.74 29822.09 29822.09
4.984 96.12 20914.79 20914.79
4.984 135.71 19274.45 19274.45
4.987 35.84 31293.22 31293.22
4.987 118.58 22845.95 22845.95
4.987 31.78 21506.58 21506.58
4.991 139.77 103079.40 103079.40
4.991 43.83 38420.79 38420.79
4.991 127.08 32852.27 32852.27
4.991 83.93 22330.66 22330.66
4.991 44.21 18463.20 18463.20
4.994 37.11 23819.13 23819.13
4.994 60.08 20008.50 20008.50
4.994 2.59 18411.34 18411.34
4.997 17.95 34733.95 34733.95
4.997 74.04 22703.62 22703.62
4.997 33.81 20327.65 20327.65
5.000 0.18 93723.49 93723.49
5.000 109.70 31752.82 31752.82
5.000 91.42 24058.62 24058.62
5.000 132.03 23185.70 23185.70
5.000 94.21 23097.10 23097.10
5.000 63.88 21726.38 21726.38
5.000 13.63 19305.18 19305.18
5.004 96.24 22014.39 22014.39
5.007 15.15 39867.21 39867.21
5.007 91.68 19417.35 19417.35
5.007 122.26 18892.05 18892.05
5.010 43.96 27288.93 27288.93
5.014 47.51 30767.75 30767.75
5.014 3.73 28249.53 28249.53
5.017 0.18 69289.14 69289.14
5.017 118.45 17782.32 17782.32
5.023 35.71 19082.37 19082.37
5.023 126.45 18162.10 18162.10
5.027 10.08 32242.97 32242.97
5.027 43.96 21289.97 21289.97
5.030 98.53 29424.58 29424.58
5.030 33.81 29389.15 29389.15
5.030 118.45 23878.69 23878.69
5.030 3.99 19438.13 19438.13
5.036 17.95 20730.15 20730.15
5.040 35.71 24399.57 24399.57
5.040 37.11 23798.55 23798.55
5.040 79.49 19712.47 19712.47
5.043 98.66 23423.85 23423.85
5.043 12.74 21091.60 21091.60
5.043 28.99 18339.08 18339.08
5.046 94.85 34046.64 34046.64
5.046 129.24 24059.21 24059.21
5.053 17.95 30256.76 30256.76
5.053 40.66 21376.98 21376.98
5.053 131.90 20025.26 20025.26
5.053 126.70 18388.20 18388.20
5.059 96.50 20532.83 20532.83
5.059 98.78 19622.65 19622.65
5.059 15.15 18202.81 18202.81
5.063 35.84 21624.88 21624.88
5.066 94.09 39459.03 39459.03
5.066 12.87 27133.41 27133.41
5.066 96.88 18858.27 18858.27
5.066 17.95 18559.67 18559.67
5.066 79.49 18125.57 18125.57
5.069 33.68 22526.27 22526.27
5.069 99.80 20489.87 20489.87
5.069 55.89 19462.63 19462.63
5.072 101.07 33829.15 33829.15
5.072 114.26 25428.51 25428.51
5.076 0.18 58957.90 58957.90
5.076 118.45 20755.94 20755.94
5.076 19.98 19326.73 19326.73
5.079 98.53 82789.55 82789.55
5.079 43.83 23611.55 23611.55
5.082 130.51 21890.19 21890.19
5.082 29.11 18615.25 18615.25
5.082 53.48 18366.59 18366.59
5.089 0.18 66095.45 66095.45
5.089 46.88 18056.05 18056.05
5.092 4.24 26032.25 26032.25
5.099 94.09 18565.46 18565.46
5.112 94.09 19825.06 19825.06
5.118 79.62 18070.78 18070.78
5.128 126.32 19757.80 19757.80
5.128 129.24 18564.38 18564.38
5.131 35.84 17815.99 17815.99
5.135 121.75 21475.63 21475.63
5.135 47.77 21002.18 21002.18
5.138 51.32 21994.56 21994.56
5.141 43.83 19949.61 19949.61
5.141 78.86 18376.26 18376.26
5.144 94.85 45436.23 45436.23
5.144 127.21 17552.17 17552.17
5.161 110.33 20445.73 20445.73
5.177 96.88 22483.88 22483.88
5.223 35.71 23393.26 23393.26
5.223 118.45 19503.72 19503.72
5.226 94.85 1205009.38 1205009.38
5.226 95.74 41581.56 41581.56
5.226 97.01 29201.63 29201.63
5.226 43.83 25652.00 25652.00
5.226 100.94 25147.60 25147.60
5.226 98.40 20126.40 20126.40
5.229 74.16 26534.50 26534.50
5.229 33.81 23566.48 23566.48
5.233 0.18 48468.15 48468.15
5.236 104.11 18559.71 18559.71
5.249 0.18 46629.15 46629.15
5.265 35.71 22516.17 22516.17
5.279 2.46 18599.31 18599.31
5.282 0.18 38801.70 38801.70
5.292 12.74 18009.15 18009.15
5.295 79.87 19992.44 19992.44
5.311 94.85 46125.29 46125.29
5.409 94.85 61952.49 61952.49
5.668 94.85 48490.70 48490.70
6.845 118.83 21420.22 21420.22
7.137 124.54 323108.44 323108.44
7.137 125.43 21311.27 21311.27
7.137 126.07 17710.64 17710.64
7.794 138.88 65933.09 65933.09
