# w1 w2 "Data Height"
 16.6 0.832 27078.02
 23.2 0.852 186376.94
 23.45 0.904 164363.31
 24.72 0.908 17383.37
 25.1 0.917 23935.16
 23.71 0.94 61286.86
 24.85 0.953 62402.21
 19.39 0.967 93648.23
 17.62 0.989 30802.94
 20.92 1.019 100663.26
 20.92 1.133 123691.41
 20.92 1.192 28552.76
 32.72 1.205 19208.38
 32.59 1.218 50984.99
 22.18 1.281 62357.88
 22.95 1.323 1062046.88
 71.42 1.326 82387.41
 24.98 1.369 79421.45
 19.39 1.454 146904.16
 53.66 1.454 22267.33
 28.66 1.542 54951.73
 28.02 1.575 47336.46
 27.01 1.621 49173.97
 27.01 1.699 23117.13
 43.12 1.703 29769.17
 29.42 1.706 20656.38
 24.98 1.716 33909.01
 23.33 1.804 175317.56
 24.98 1.82 113342.73
 23.45 1.833 200041.19
 24.98 1.84 20955.93
 33.61 1.84 19669.35
 31.58 1.843 20400.93
 25.1 1.873 23084.5
 25.1 1.896 119242.97
 26.12 1.915 28560.35
 26.5 1.984 21621.59
 30.56 2.033 24634.58
 30.56 2.069 39035.34
 24.98 2.082 170774.03
 25.1 2.102 30739.92
 25.1 2.115 38844.14
 24.98 2.167 186263.34
 40.08 2.19 179604.36
 25.48 2.203 35618.43
 32.21 2.223 28308.2
 25.23 2.233 99298.69
 24.98 2.255 14627850
 25.99 2.259 74162.12
 4.93 2.259 66432.44
 27.01 2.259 65274.9
 28.4 2.259 23396.84
 1.88 2.262 25643.08
 21.8 2.262 21162.42
 137.66 2.262 19655.69
 88.93 2.262 19382.43
 0.74 2.262 18005.26
 5.31 2.265 55659.16
 6.32 2.265 18185.39
 36.4 2.269 19117.54
 25.61 2.272 93636.51
 25.61 2.285 21616.8
 25.1 2.291 81835.63
 25.1 2.305 106198.69
 26.5 2.314 18508.1
 34.62 2.314 18054.1
 25.36 2.321 32293.47
 48.45 2.327 39544.87
 34.62 2.331 25434.46
 25.1 2.34 161851.78
 26.37 2.344 25222.68
 27.39 2.344 21216.79
 25.61 2.37 20303.11
 25.1 2.393 56675.78
 32.46 2.393 32334.22
 33.99 2.406 95208.6
 25.36 2.409 25053.38
 48.58 2.412 21068.1
 25.1 2.432 218079.63
 36.52 2.439 86486.51
 48.58 2.475 44810.33
 48.45 2.488 82556.68
 48.33 2.507 1532179.02
 49.34 2.507 39439.86
 51.88 2.511 19422.24
 53.02 2.527 26100.56
 48.33 2.53 2004675.73
 49.34 2.53 44265.93
 50.36 2.53 33258.16
 49.98 2.53 32807.64
 51.5 2.53 19122.46
 25.48 2.573 22724.78
 25.1 2.619 132049.25
 48.58 2.635 51655.27
 25.1 2.641 22558.1
 48.33 2.655 1913463.5
 49.34 2.655 47178.6
 49.85 2.655 22104.95
 50.99 2.655 18224.25
 25.23 2.658 21853.26
 25.1 2.671 38001.84
 48.33 2.674 1609334.25
 16.6 2.674 43426.14
 49.34 2.677 49752.13
 50.48 2.677 19247.86
 25.1 2.691 87422.95
 48.45 2.697 48224.31
 25.86 2.707 30561.63
 48.58 2.71 33054.76
 24.98 2.798 42798.51
 48.33 2.834 46796.46
 48.58 2.857 17727.71
 42.24 3.014 72549.97
 39.82 3.031 24781.9
 33.1 3.034 25810.76
 77.13 3.067 29392.58
 48.58 3.096 26121.12
 74.34 3.103 20015.43
 25.1 3.145 88413.67
 56.83 3.207 240657.56
 75.99 3.214 19703.51
 56.83 3.22 146090.53
 77.13 3.23 172171.91
 43.5 3.23 22103.19
 78.02 3.234 23390.03
 77.13 3.247 1231024.5
 78.66 3.247 163522.96
 78.15 3.247 27671.16
 80.18 3.247 18216.02
 77.13 3.26 205957.15
 56.19 3.26 86709.23
 78.02 3.26 19770.39
 77.13 3.279 43199.43
 77.13 3.296 25098.95
 49.21 3.332 18154.48
 83.22 3.348 49831.98
 72.69 3.351 62844.79
 51.88 3.355 282459.84
 72.82 3.368 29682.79
 79.54 3.371 33293.03
 70.91 3.381 225549.64
 72.69 3.381 49065.37
 73.96 3.381 17842.49
 72.44 3.387 196912.6
 73.83 3.397 141627.03
 78.91 3.397 96382.48
 74.85 3.397 91894.55
 70.28 3.397 57838.93
 75.99 3.397 56326.93
 77.01 3.397 40272.4
 80.05 3.397 34529.02
 83.35 3.397 21545.83
 81.19 3.397 17889.78
 82.21 3.4 18469.19
 75.74 3.404 27339.97
 72.56 3.407 1502840.39
 78.78 3.407 246357.17
 73.45 3.407 65540.93
 81.83 3.407 21121.37
 75.48 3.41 49675.86
 79.8 3.41 23821.58
 48.96 3.41 22804.44
 80.81 3.41 21043.78
 74.21 3.413 62945.58
 83.22 3.413 23499.21
 72.56 3.42 471380.8
 73.45 3.42 39087.68
 77.01 3.423 63867.09
 63.94 3.423 48698.45
 75.74 3.423 23945.38
 73.83 3.427 35857.8
 77.89 3.427 25906.29
 80.43 3.436 32167.83
 69.52 3.44 48488.59
 78.78 3.456 758489.08
 79.92 3.456 24764.82
 80.94 3.459 24422.69
 63.68 3.463 62270.48
 72.56 3.466 228283.18
 78.78 3.476 745367.81
 79.67 3.476 63005.9
 80.94 3.476 23420.3
 82.08 3.476 20444.09
 78.66 3.492 838191.24
 77.13 3.492 63091.33
 80.94 3.492 23426.91
 72.56 3.495 119575.78
 79.67 3.495 47220.48
 78.66 3.505 186924.53
 80.05 3.505 37764.1
 81.07 3.505 25941.87
 74.98 3.512 18752.5
 63.81 3.518 20257.04
 44.77 3.521 107352.25
 74.34 3.528 424862.36
 78.91 3.528 22159.5
 75.61 3.538 156824.68
 69.52 3.538 50280.52
 74.34 3.544 747672.27
 63.55 3.544 139177.89
 78.78 3.544 20528.67
 69.52 3.554 30641.73
 66.85 3.561 22256.48
 65.46 3.564 20493.63
 74.72 3.567 17916.57
 74.85 3.58 18158.77
 78.91 3.587 17544.73
 72.44 3.59 54129.62
 65.58 3.59 32866.75
 63.68 3.59 22933.74
 25.1 3.597 25098.22
 62.67 3.613 23133.28
 57.59 3.616 203389.45
 75.36 3.616 17775.03
 74.59 3.62 21808.56
 63.81 3.623 27201.73
 65.46 3.639 23750.89
 68.76 3.649 42877.9
 78.78 3.649 22457.51
 63.81 3.649 21838.61
 75.48 3.652 26597.14
 65.58 3.659 31139.74
 57.72 3.662 82605.68
 72.56 3.669 17614.34
 63.81 3.672 54659.17
 75.86 3.675 20700.75
 65.71 3.682 23319.03
 56.45 3.685 36326.53
 63.81 3.688 60974.87
 57.72 3.688 22319.35
 66.22 3.692 24911.81
 79.04 3.695 18546.27
 77.01 3.698 52225.01
 78.02 3.698 32853.53
 59.87 3.698 23886.95
 72.56 3.705 49693.25
 75.74 3.708 762746.51
 76.5 3.708 43867.54
 74.47 3.711 76124.17
 66.47 3.711 19822.58
 77.39 3.711 19081.17
 78.78 3.714 61719.1
 63.68 3.718 872429.38
 65.46 3.718 32814.67
 76.75 3.721 61221.3
 72.56 3.721 34225.8
 77.77 3.721 25104.85
 75.74 3.724 154585.7
 66.98 3.724 20739.67
 64.95 3.728 58077.11
 65.97 3.728 25957.44
 63.68 3.731 506150.25
 78.78 3.731 56000.91
 64.44 3.734 30798.98
 65.58 3.734 24435.82
 53.53 3.747 111223.2
 75.74 3.75 18287.9
 63.43 3.754 142097.26
 72.44 3.757 34312.67
 74.47 3.757 31470.11
 75.61 3.763 25967.21
 62.16 3.77 33837.49
 64.82 3.77 33444.9
 65.97 3.77 23559.37
 63.43 3.773 311136.68
 74.47 3.773 28345.41
 65.2 3.777 19416.34
 75.23 3.78 19965
 74.98 3.786 21465.68
 70.53 3.79 32364.03
 63.81 3.799 30375.76
 74.21 3.813 286668.05
 65.33 3.813 22166
 75.23 3.816 65522.57
 83.48 3.819 19489.13
 74.21 3.822 741245.5
 79.04 3.826 19731.29
 72.56 3.829 40584.07
 65.33 3.829 28061.64
 63.43 3.832 648632.71
 74.21 3.832 431962.28
 65.58 3.835 36987.6
 75.23 3.835 27425.78
 65.46 3.845 18389.7
 63.43 3.849 321238.83
 58.1 3.849 28392.72
 75.1 3.862 20098.45
 59.37 3.862 20008
 63.94 3.865 54543.54
 72.56 3.868 28118.11
 70.79 3.878 81051.52
 64.95 3.885 29423.75
 74.98 3.885 20486.79
 63.68 3.888 1077648.75
 72.56 3.888 26853.71
 66.35 3.888 20747.26
 78.91 3.891 28187.97
 68.88 3.894 25729.87
 63.55 3.901 813729.73
 64.95 3.904 48904.68
 72.69 3.911 155464.84
 74.34 3.911 45504.48
 56.7 3.927 49446.43
 59.37 3.93 29973.83
 73.58 3.934 31353.3
 72.31 3.937 43674.87
 74.47 3.973 17708.49
 58.22 3.976 27377.06
 71.93 3.979 67739.31
 63.68 3.979 38341.73
 72.06 3.999 73232.56
 76.37 3.999 19601.63
 66.22 4.009 26841.04
 75.23 4.022 29377.94
 72.06 4.042 39608.57
 24.98 4.048 18570.91
 59.24 4.051 49687.64
 75.23 4.064 30958.13
 68.25 4.078 27709.15
 71.42 4.114 711013.88
 72.44 4.117 67664.36
 22.95 4.117 26814.02
 64.06 4.12 61043.96
 73.45 4.12 24097.62
 70.15 4.15 43865.61
 61.52 4.163 17477.17
 14.7 4.166 18034.41
 61.27 4.176 28132.18
 53.02 4.179 17558.75
 98.83 4.205 53082.15
 71.42 4.208 17693.72
 103.27 4.248 18137.58
 1.12 4.254 19462.72
 38.17 4.254 17633.21
 74.34 4.257 20517.59
 106.83 4.274 17950.46
 62.29 4.277 29328.73
 71.17 4.287 17557.19
 72.56 4.297 20921.31
 32.72 4.3 20316.15
 123.58 4.3 18949.52
 62.29 4.307 21565.32
 100.48 4.307 17484.52
 38.17 4.31 18187.4
 83.73 4.316 21385.23
 139.19 4.316 20114.37
 69.26 4.32 23730.82
 79.04 4.32 22187.69
 86.02 4.323 18717.39
 73.45 4.326 20662.74
 6.45 4.339 17535.81
 82.21 4.369 18398.61
 113.81 4.378 19356.45
 115.84 4.408 24447.47
 83.6 4.418 19451.76
 7.72 4.418 18804.48
 38.05 4.424 24288.77
 2.01 4.424 19163.8
 115.96 4.434 18036.09
 108.86 4.441 22372.08
 72.44 4.454 26741
 0.87 4.457 19082.87
 106.83 4.464 23645.34
 139.19 4.464 19898.26
 50.99 4.464 18966.41
 48.96 4.464 18769.88
 26.5 4.467 19012.21
 78.27 4.467 18679.35
 130.3 4.467 17826.52
 115.96 4.47 22643.97
 16.35 4.47 21539.36
 85.64 4.47 18076.21
 65.46 4.473 19928.67
 24.85 4.473 19389.49
 104.8 4.473 19126.51
 38.17 4.477 25593.46
 49.47 4.477 18956.08
 52.26 4.48 21715.3
 71.3 4.48 18540.02
 86.02 4.48 18249.76
 34.75 4.483 20249.9
 86.27 4.483 19526.8
 30.43 4.483 18356.97
 117.36 4.483 17930.36
 78.66 4.486 19185.75
 0.99 4.493 31736.31
 138.05 4.493 20034.75
 16.73 4.493 18899.18
 103.27 4.496 24581.72
 62.16 4.5 21987.45
 74.85 4.5 19902.9
 108.86 4.5 19710.38
 23.07 4.503 34409.51
 33.23 4.503 19764.73
 106.7 4.503 18691.97
 17.24 4.506 24854.14
 24.72 4.506 20118.85
 97.82 4.509 18747.08
 138.05 4.513 21446.66
 108.86 4.516 27243.37
 74.98 4.516 18785.9
 87.79 4.519 26023.22
 83.22 4.519 21884.44
 33.48 4.519 18703.16
 30.81 4.522 17456.81
 125.48 4.526 33488.55
 103.27 4.526 30666.98
 49.6 4.526 27837.87
 38.05 4.526 26415.76
 18.89 4.526 25666.76
 139.19 4.526 25503.42
 129.04 4.526 20174.28
 113.68 4.526 19366.64
 12.29 4.526 18698.74
 105.18 4.529 31963.45
 16.22 4.529 20286.1
 53.02 4.529 18987.6
 0.99 4.532 35407.71
 30.69 4.532 18381.94
 108.86 4.536 24343.11
 5.18 4.539 23330.82
 117.11 4.539 18233.53
 2.01 4.542 28599.47
 135.51 4.545 20543.95
 20.66 4.549 23423.61
 69.14 4.549 22991.79
 23.2 4.549 22893.21
 28.66 4.549 21787.8
 108.98 4.549 18510.94
 138.17 4.552 32753.71
 72.44 4.552 32437.24
 16.22 4.552 23988.59
 12.16 4.552 20543.45
 106.95 4.552 18535.21
 122.94 4.552 17604.85
 119.26 4.552 17385.85
 134.37 4.555 23486.06
 117.11 4.555 22368.84
 98.83 4.558 55640.23
 25.36 4.558 33137.57
 107.34 4.558 28740.87
 95.15 4.558 21454.97
 9.75 4.558 20107.74
 123.71 4.562 26053.79
 5.43 4.562 25719.18
 0.87 4.562 22075.6
 97.44 4.562 18107.67
 53.15 4.562 18024.96
 29.93 4.562 17950.99
 34.75 4.565 51778.47
 55.43 4.565 38089.4
 117.23 4.565 30457.74
 66.6 4.565 27303.69
 30.31 4.565 25418.72
 23.71 4.565 20400.66
 65.46 4.565 18688.63
 103.15 4.565 17567.36
 100.36 4.565 17432.88
 42.36 4.565 17415.18
 32.34 4.568 28138.13
 112.41 4.568 26448.98
 130.56 4.568 23159.93
 128.15 4.568 19551.72
 46.17 4.572 30454.28
 69.52 4.572 27190.33
 86.52 4.572 23197.39
 52.77 4.572 17422.4
 113.81 4.575 25996.17
 78.78 4.578 24090.17
 116.09 4.578 19385.69
 67.87 4.578 18988.69
 5.43 4.581 26860.16
 100.48 4.581 25241.95
 57.46 4.581 23750.98
 27.01 4.581 23298.17
 3.28 4.581 20067.28
 117.36 4.581 19781.94
 82.97 4.585 29818.14
 76.5 4.585 26515.22
 17.11 4.585 21779.14
 12.41 4.585 20009.12
 25.23 4.585 18356.14
 46.42 4.588 22527.72
 119.77 4.588 20967.81
 30.18 4.588 18199.02
 49.34 4.588 17988.31
 87.28 4.591 40475.81
 53.15 4.591 30276.97
 34.87 4.591 28934.09
 70.03 4.591 25999.55
 43.12 4.591 24278.47
 30.94 4.591 24197.76
 14.57 4.591 23854.61
 55.56 4.591 21233.09
 106.57 4.591 17487.74
 130.18 4.594 24285.68
 38.05 4.594 24037.63
 19.65 4.594 20515.96
 120.03 4.594 18008.48
 61.78 4.598 31656.72
 108.98 4.598 28921.7
 139.06 4.598 25775.06
 28.78 4.598 21958.78
 27.13 4.598 20617.35
 103.27 4.598 18427
 0.87 4.601 48545.22
 120.28 4.601 18649.33
 99.34 4.601 17955.87
 5.56 4.604 27828.41
 7.72 4.604 26605.34
 3.4 4.604 17455.2
 135 4.607 25592.81
 22.82 4.607 21301.84
 14.57 4.607 19420.42
 108.98 4.611 41631.72
 117.36 4.611 35888.21
 6.58 4.611 29872.25
 103.27 4.611 23214.09
 105.56 4.611 21853.89
 99.59 4.611 20372.54
 136.27 4.611 19454.46
 15.97 4.611 17592.9
 70.41 4.614 33208.13
 106.7 4.614 28536
 25.23 4.614 26238.67
 97.82 4.614 20889.23
 92.49 4.614 19172.75
 72.31 4.614 17816.29
 17.36 4.614 17790.7
 44.9 4.614 17700.64
 90.71 4.617 41769.54
 113.68 4.617 32297.89
 76.88 4.617 30283.43
 100.48 4.617 29623.12
 9.24 4.617 27551.34
 125.36 4.617 20707.93
 62.03 4.617 19026
 27.39 4.617 19020.32
 111.52 4.617 18764.3
 70.91 4.617 17851.64
 0.99 4.621 73040.22
 37.92 4.621 48024.31
 49.47 4.621 44992.38
 19.39 4.621 38786.69
 3.4 4.621 31207.1
 112.67 4.621 28783.11
 64.44 4.621 25621.47
 57.59 4.621 23024.76
 131.45 4.621 22985.56
 67.87 4.621 20431.96
 115.96 4.621 18158.59
 139.06 4.624 39054.75
 137.79 4.624 36922.87
 38.68 4.624 31230.05
 92.74 4.624 21444.53
 18.5 4.624 19754.86
 48.58 4.624 18518.15
 81.83 4.627 29830.13
 86.52 4.627 25925.97
 103.27 4.627 24257.03
 79.16 4.627 23151.14
 28.53 4.627 22466.99
 30.05 4.627 20829.21
 30.94 4.627 18861.33
 50.86 4.627 18856.93
 120.66 4.627 18733.73
 65.71 4.627 18670.51
 49.72 4.63 59453.23
 119.64 4.63 30873.57
 14.57 4.63 24571.9
 95.41 4.63 23059.31
 87.92 4.63 22762.31
 12.29 4.634 74752.96
 117.49 4.634 48111.1
 23.07 4.634 30225.84
 128.02 4.634 30000.15
 65.84 4.637 42774.92
 50.99 4.637 33371.16
 64.7 4.637 31866.19
 73.2 4.637 30049.52
 7.46 4.637 22123.42
 75.1 4.637 20368.95
 6.32 4.637 18497.37
 38.17 4.64 35886.06
 30.05 4.64 30192.12
 5.18 4.64 28486.14
 139.19 4.64 23742.45
 120.66 4.64 20235.36
 116.09 4.64 19759.58
 14.57 4.643 70717.68
 103.27 4.643 53649.62
 100.74 4.643 42270.72
 133.1 4.643 28572.67
 39.44 4.643 24399.36
 82.08 4.643 24336.73
 98.83 4.647 1135051.38
 108.98 4.647 62745.55
 101.88 4.647 32480.17
 53.15 4.647 29845.85
 22.44 4.647 29772.13
 68 4.647 22194.7
 57.72 4.647 19332.06
 72.44 4.647 18450.81
 30.56 4.65 52464.59
 100.1 4.65 50962.02
 77.01 4.65 50694.1
 105.18 4.65 27618.23
 55.69 4.65 24580.46
 14.57 4.653 50755.36
 103.27 4.653 35999.44
 42.11 4.653 26420.63
 30.18 4.653 22692.9
 106.83 4.653 20714.52
 46.04 4.657 34189.93
 24.6 4.657 28836.38
 38.17 4.657 25806.24
 117.36 4.657 24897.01
 113.81 4.657 23633.32
 137.92 4.657 22695.86
 32.46 4.657 22449.69
 115.96 4.657 17527.08
 30.94 4.66 41285.99
 52.13 4.66 29407.62
 5.43 4.66 21019.89
 58.61 4.66 21013.07
 73.45 4.66 19675.83
 75.23 4.66 18955.82
 16.09 4.66 17775.94
 112.41 4.663 28721.82
 68 4.663 27580.79
 134.11 4.663 24712.44
 34.75 4.663 23229.38
 128.02 4.663 20710.32
 56.83 4.663 18385.98
 22.31 4.663 17429.17
 24.72 4.666 51976.94
 70.41 4.666 49360.87
 65.97 4.666 25114.65
 89.06 4.666 20083.68
 92.74 4.666 19886.49
 83.22 4.67 46915.72
 115.84 4.67 40872.17
 113.81 4.67 39112.59
 14.7 4.67 34163.59
 117.36 4.67 33220.31
 28.53 4.67 31221.7
 138.05 4.67 29182.45
 72.06 4.67 28369.47
 12.16 4.67 27637.22
 123.83 4.67 22263.96
 27.01 4.67 22144.61
 103.27 4.67 21193.66
 50.86 4.67 19092.69
 5.31 4.67 17851.92
 100.36 4.673 41687.31
 64.57 4.673 34255.03
 139.19 4.673 23089.76
 33.35 4.673 20835.82
 102.01 4.673 19276.87
 86.4 4.673 18243.08
 8.73 4.673 18023.24
 34.75 4.676 36606.23
 23.2 4.676 34427.86
 135.25 4.676 33232.29
 6.58 4.676 24706.36
 19.01 4.676 24693.13
 84.75 4.676 19882.6
 46.17 4.679 28605.4
 3.53 4.679 25344.44
 42.49 4.679 24067
 2.01 4.679 21359.3
 12.29 4.683 47702.32
 66.6 4.683 44278.88
 28.66 4.683 32308.8
 106.95 4.683 31328.14
 7.46 4.683 28236.16
 112.41 4.683 25956.32
 89.06 4.683 23905.7
 136.4 4.683 23389.77
 75.36 4.683 23029.65
 123.71 4.683 22573.04
 81.83 4.683 21602.65
 83.22 4.683 21103.7
 139.19 4.686 53394.74
 0.99 4.686 51119.98
 14.57 4.686 48649.53
 103.15 4.686 37896.43
 108.86 4.686 37332.74
 113.81 4.686 34392.55
 117.36 4.686 33113.95
 73.58 4.686 31922.53
 115.96 4.686 31407.29
 65.71 4.686 29435.56
 72.18 4.686 28886.99
 5.31 4.686 28042.17
 38.17 4.686 27940.91
 16.09 4.686 25404.74
 27.13 4.686 24669.88
 100.48 4.686 24476.17
 137.92 4.686 22488.73
 30.31 4.686 21865.09
 70.91 4.686 20759.04
 86.52 4.689 52683.2
 8.99 4.689 22333.34
 119.64 4.689 21578.52
 22.31 4.689 18463.54
 51.12 4.693 34863.97
 34.75 4.693 32611.26
 22.95 4.693 29394.26
 135.25 4.693 28656.4
 76.75 4.693 28421.39
 95.41 4.693 27968.66
 57.46 4.693 24507.35
 125.36 4.693 19882.44
 68 4.693 19835.23
 53.02 4.693 18469.35
 46.17 4.696 33463.73
 103.15 4.699 66921.98
 38.3 4.699 57741.55
 137.92 4.699 56802.88
 86.78 4.699 55408.71
 139.19 4.699 53805
 30.31 4.699 51854.49
 108.86 4.699 49448.96
 66.6 4.699 43457.76
 72.18 4.699 41975.6
 28.66 4.699 40575.19
 27.01 4.699 39957.92
 23.2 4.699 37841.22
 115.96 4.699 36954.97
 117.23 4.699 36325.27
 5.31 4.699 34496.38
 123.83 4.699 33872.94
 105.05 4.699 33147.67
 106.95 4.699 32290.48
 118.12 4.699 32089.04
 83.1 4.699 30134.09
 48.71 4.699 27926.78
 57.21 4.699 27566.17
 24.85 4.699 27177.06
 81.7 4.699 21922.53
 58.86 4.699 19915.12
 119.77 4.699 19008.59
 70.15 4.699 18899.73
 113.93 4.699 18210.94
 128.02 4.702 61909.34
 112.54 4.702 49618.04
 42.49 4.702 48819.26
 31.07 4.702 47861.08
 64.57 4.702 38376.82
 19.01 4.702 34362.55
 49.85 4.702 28330.82
 34.75 4.706 47714.8
 9.24 4.706 40973.35
 53.15 4.706 37061.92
 125.48 4.706 32360.98
 120.15 4.706 23398.11
 55.69 4.706 20585.98
 90.58 4.706 17750.14
 135.13 4.706 17609.51
 32.59 4.709 50988.63
 0.99 4.709 34366.71
 52.13 4.709 32036.28
 17.36 4.709 21123.4
 100.48 4.709 17943.32
 130.3 4.712 71362.01
 5.43 4.712 69484.1
 38.3 4.712 59750.07
 138.05 4.712 59082.5
 83.1 4.712 57543.8
 30.43 4.712 53929.75
 106.83 4.712 52007.99
 6.7 4.712 41374.96
 48.83 4.712 39392.17
 123.83 4.712 38266.59
 118.12 4.712 32109.44
 116.09 4.712 28723.86
 27.13 4.712 27516.56
 92.61 4.712 25458.63
 64.44 4.712 21535.86
 44.77 4.712 20062.44
 19.77 4.712 19762.72
 12.16 4.715 108886.12
 14.57 4.715 90681.89
 108.98 4.715 77608.53
 136.27 4.715 76905.79
 139.31 4.715 72525.33
 65.58 4.715 71880.66
 70.28 4.715 49354.83
 74.98 4.715 46658.96
 23.33 4.715 45666.98
 81.83 4.715 42227.77
 103.27 4.715 41011.24
 86.9 4.715 39043.48
 90.84 4.715 37982.55
 66.73 4.715 36529.41
 117.23 4.715 36360.9
 105.18 4.715 35042.17
 80.69 4.715 30520.94
 9.75 4.715 29031.28
 50.1 4.715 27702.84
 78.02 4.715 27292.8
 28.66 4.715 26954.99
 24.98 4.715 25836.32
 68 4.715 24822.81
 50.99 4.715 22433.61
 52.51 4.719 65418.6
 7.72 4.719 58357.86
 131.45 4.719 43695.42
 46.04 4.719 25776.47
 31.19 4.719 23132.95
 2.01 4.719 22102.12
 112.54 4.719 19828.12
 120.53 4.719 18281.6
 34.87 4.722 71393.38
 25.36 4.722 47634.21
 0.99 4.722 44560.92
 128.15 4.722 37874.38
 135 4.722 28887.88
 17.62 4.722 20956.4
 21.04 4.722 18737.99
 113.93 4.725 115397.35
 70.41 4.725 99691.97
 19.14 4.725 93937.68
 118.12 4.725 67692.73
 132.97 4.725 57724.56
 50.99 4.725 45644.31
 43.12 4.725 28400.98
 97.69 4.725 28301.32
 14.57 4.729 153528.34
 103.4 4.729 132255.73
 15.97 4.729 132126.68
 100.36 4.729 125174.33
 52.64 4.729 124574.36
 78.15 4.729 120696.27
 30.43 4.729 110313.92
 38.3 4.729 108242.69
 12.29 4.729 104195.24
 82.97 4.729 102798.25
 86.9 4.729 99649.13
 22.57 4.729 93873.93
 73.58 4.729 91615.51
 117.11 4.729 90037.54
 28.66 4.729 89578.4
 139.31 4.729 82417.35
 108.98 4.729 75301.76
 107.08 4.729 73220.13
 81.96 4.729 64149
 48.83 4.729 58587.09
 115.96 4.729 53105.15
 44.77 4.729 44426.64
 138.17 4.729 39009.81
 27.13 4.729 36909.82
 64.44 4.729 31811.93
 63.17 4.729 25117.63
 50.1 4.729 19491.45
 72.44 4.732 178781.02
 5.31 4.732 167076.42
 66.73 4.732 104438.27
 89.19 4.732 98965.07
 105.18 4.732 83007.56
 25.61 4.732 71963.06
 71.04 4.732 42057.75
 45.92 4.732 40324.36
 55.94 4.732 39573.68
 114.44 4.732 26693.13
 136.52 4.735 187360.95
 52.89 4.735 153090.39
 101.88 4.735 137104.98
 19.65 4.735 107904.81
 135.13 4.735 98034.81
 118.25 4.735 95440.2
 67.87 4.735 93647.52
 92.74 4.735 92169.75
 34.87 4.735 86450.19
 70.79 4.735 83891.56
 33.23 4.735 74357.68
 0.99 4.735 67657.05
 84.49 4.735 61179.55
 86.52 4.735 48699.25
 17.11 4.735 48304.38
 119.77 4.735 39882.66
 95.15 4.735 31113.26
 7.72 4.735 26969.3
 58.48 4.735 26121.47
 57.21 4.735 22459.24
 106.7 4.735 21743.1
 5.31 4.738 177681.08
 6.58 4.738 136738.91
 73.83 4.738 44180.22
 76.75 4.738 42113.93
 59.37 4.738 37918.85
 90.84 4.738 37431.7
 58.86 4.738 20429.75
 38.3 4.742 266624.31
 87.16 4.742 231900.13
 82.97 4.742 184971.89
 79.16 4.742 181018.2
 75.1 4.742 176847.53
 120.91 4.742 152129.05
 112.41 4.742 100465.91
 30.18 4.742 99233.19
 130.68 4.742 81039.84
 44.9 4.742 62802.49
 70.79 4.742 58860.06
 39.7 4.742 57246.46
 78.15 4.742 49767.63
 113.81 4.742 48862.92
 8.61 4.742 41687.02
 114.44 4.742 39596.08
 70.41 4.742 34939.96
 50.86 4.742 33859.67
 28.66 4.745 328933.84
 123.58 4.745 288836.02
 12.29 4.745 272871.44
 138.05 4.745 262947.67
 23.33 4.745 247794.1
 81.96 4.745 229224
 107.59 4.745 219609.63
 108.98 4.745 194559.83
 139.31 4.745 189024.58
 14.57 4.745 153951.31
 27.01 4.745 144184.16
 48.83 4.745 141146.35
 105.56 4.745 136531.73
 103.27 4.745 136332.89
 115.96 4.745 128772.66
 135.63 4.745 119643.27
 65.58 4.745 111192.75
 49.98 4.745 101049.45
 134.62 4.745 91232.96
 89.44 4.745 83162.17
 128.27 4.745 83013.65
 32.21 4.745 80579.07
 86.78 4.745 64320.81
 61.02 4.745 62678.26
 88.17 4.745 59683.2
 106.83 4.745 48397.68
 25.48 4.745 35949.41
 47.06 4.745 28012.16
 87.41 4.748 313560.5
 117.36 4.748 239707.46
 68 4.748 203086.13
 5.56 4.748 178755.31
 125.36 4.748 166707.8
 24.47 4.748 164023.27
 57.59 4.748 150606.95
 84.87 4.748 141637.41
 7.46 4.748 139499.03
 3.4 4.748 105336.95
 42.36 4.748 81095.92
 1.12 4.748 79157.68
 34.87 4.748 77673.07
 33.35 4.748 65830.75
 56.07 4.748 55064.47
 22.18 4.748 29137.85
 21.17 4.748 25612.29
 53.02 4.748 22411.71
 100.74 4.751 176474.17
 41.09 4.751 147527.56
 72.56 4.751 124853.52
 106.57 4.751 87728.86
 39.95 4.751 47556.22
 63.55 4.751 31996.8
 24.72 4.755 427856.97
 28.66 4.755 304977.94
 27.13 4.755 287489.44
 120.79 4.755 275595.87
 48.83 4.755 257504.71
 80.81 4.755 216376.75
 135.76 4.755 209257.37
 103.27 4.755 169336
 136.9 4.755 135118.37
 76.37 4.755 100230.73
 79.16 4.755 39390.12
 104.8 4.755 33839.89
 18.5 4.755 30658.04
 14.57 4.758 690384.44
 123.58 4.758 668595.63
 83.1 4.758 619758.69
 117.49 4.758 513852.62
 82.08 4.758 478343.77
 115.96 4.758 439995.73
 87.03 4.758 426136.35
 32.21 4.758 421925.81
 38.3 4.758 395036.09
 107.08 4.758 378310.97
 66.85 4.758 361725.69
 64.57 4.758 360186.89
 5.31 4.758 344522.79
 130.18 4.758 326111.16
 100.99 4.758 306414.1
 42.24 4.758 283460.88
 105.56 4.758 219300.2
 102.39 4.758 171324.89
 92.61 4.758 170013.65
 114.31 4.758 169482.71
 70.53 4.758 129764.53
 97.56 4.758 117719.22
 49.98 4.758 114275.65
 78.4 4.758 93480.6
 130.56 4.758 89002.43
 71.3 4.758 84291.2
 54.29 4.758 62335.76
 33.73 4.758 52487.87
 29.93 4.758 51033.16
 79.54 4.758 49241.18
 94.01 4.758 39310.61
 109.24 4.761 940006.44
 103.53 4.761 704403.69
 138.17 4.761 670417.79
 25.1 4.761 616882.63
 29.04 4.761 582856.92
 95.41 4.761 505358.94
 12.41 4.761 492678.17
 65.71 4.761 487973.66
 27.39 4.761 394291.34
 88.3 4.761 372278.13
 49.09 4.761 359160.23
 75.1 4.761 346870.13
 118.63 4.761 329257.29
 15.71 4.761 302058.34
 8.86 4.761 284672.84
 50.86 4.761 235611.53
 100.1 4.761 164534
 6.58 4.761 111895.36
 18.76 4.761 78958.84
 139.44 4.765 2455168
 123.96 4.765 1650369.38
 7.59 4.765 1380007.75
 83.48 4.765 1363920.75
 14.82 4.765 1275468
 107.46 4.765 1100567
 87.28 4.765 1065373.58
 32.46 4.765 1041979.31
 119.01 4.765 973989.94
 56.45 4.765 860582.81
 89.44 4.765 848174.19
 112.67 4.765 801847.63
 67.11 4.765 739568
 106.07 4.765 739534.25
 42.49 4.765 713401.63
 72.82 4.765 712392.38
 30.69 4.765 710814.38
 45.03 4.765 700272.44
 51.75 4.765 658127.3
 101.24 4.765 655066.31
 46.17 4.765 541024.88
 21.3 4.765 434499.31
 97.82 4.765 303329.5
 36.27 4.765 288200.25
 121.42 4.765 248549.44
 130.94 4.765 245526.67
 109.87 4.765 179247.37
 85.76 4.765 92334.17
 125.48 4.768 1757743.38
 53.02 4.768 1321466.88
 32.84 4.768 1173046.63
 103.91 4.768 1108679.75
 84.87 4.768 1041642.74
 56.83 4.768 979347.15
 107.84 4.768 943065.06
 31.07 4.768 916191.63
 67.62 4.768 901843.62
 132.84 4.768 883883.19
 47.31 4.768 837080.69
 5.81 4.768 805480.31
 3.53 4.768 801735.13
 68.25 4.768 759251.77
 134.49 4.768 750647.06
 49.34 4.768 497845.25
 9.24 4.768 448977.5
 76.5 4.768 399930.85
 92.87 4.768 320929.11
 69.52 4.768 304226.32
 139.69 4.771 4743845.5
 83.86 4.771 2456968.03
 22.18 4.771 1695172
 57.97 4.771 1627759.63
 91.09 4.771 1537646.25
 1.25 4.771 1327556.5
 106.32 4.771 1293387
 119.26 4.771 1242200.13
 27.77 4.771 1209902.38
 55.56 4.771 1189064.88
 35 4.771 1169899.25
 36.65 4.771 1079741.75
 89.7 4.771 989251.62
 111.14 4.771 870815.94
 95.79 4.771 790294.76
 16.35 4.771 758662.87
 46.42 4.771 727247.5
 17.36 4.771 690303.93
 86.02 4.771 558298.18
 38.05 4.771 493891.34
 74.34 4.771 490082.59
 137.03 4.771 395155.01
 96.42 4.771 368539.03
 75.61 4.771 362949.73
 121.68 4.771 311255.06
 125.99 4.771 306112.75
 34.37 4.771 244765.33
 2.26 4.774 2195807.25
 53.4 4.774 2007763.63
 91.47 4.774 1772618.88
 33.1 4.774 1517100
 99.21 4.774 1447268.75
 104.16 4.774 1341575.38
 75.99 4.774 1194014.5
 16.73 4.774 1179692.63
 39.06 4.774 1150280.63
 47.69 4.774 1106275.88
 31.32 4.774 1022212
 135 4.774 951718.31
 100.74 4.774 866544.38
 108.1 4.774 800829.25
 98.2 4.774 772108.77
 96.8 4.774 641172.58
 65.2 4.774 542766.19
 63.68 4.774 509597.59
 35.38 4.774 452286.03
 54.93 4.774 154588.59
 19.27 4.774 116141.34
 111.65 4.778 1635640.75
 90.08 4.778 1450737.5
 10.76 4.778 1173599
 62.41 4.778 1135231.82
 86.27 4.778 1080497
 81.32 4.778 985368.56
 24.34 4.778 955149.94
 127.64 4.778 876844.94
 121.93 4.778 839773.19
 36.91 4.778 763006.13
 40.33 4.778 724448.69
 46.68 4.778 650176.81
 120.53 4.778 609514.38
 9.49 4.778 528780.24
 31.83 4.778 404073.03
 60.51 4.778 403348.5
 19.65 4.778 351843.84
 6.96 4.778 312596.61
 93.12 4.778 295245.61
 73.71 4.778 276252.53
 94.26 4.778 120978.77
 47.95 4.781 1544819.25
 126.37 4.781 1511120.5
 25.99 4.781 1448119.88
 131.7 4.781 942014.94
 4.29 4.781 872957.13
 97.06 4.781 796564.31
 43.5 4.781 704193.48
 18.12 4.781 675367.57
 79.04 4.781 674619
 68.88 4.781 640641.75
 114.95 4.781 600640.13
 52.39 4.781 599010.25
 80.43 4.781 557834.19
 103.27 4.781 401870.1
 101.88 4.781 382843.63
 63.3 4.781 372140.69
 4.67 4.781 313793.74
 28.4 4.781 215468.81
 26.63 4.781 195852.7
 11.53 4.781 139017.92
 88.43 4.781 75501.41
 62.79 4.784 1406955.5
 122.18 4.784 1299021.88
 116.73 4.784 1006286.06
 77.39 4.784 916357.19
 37.16 4.784 746945.31
 71.55 4.784 566222.25
 13.94 4.784 505422.83
 130.3 4.784 452221.34
 93.38 4.784 448893.49
 110.38 4.784 378638.84
 39.95 4.784 361679.11
 25.61 4.784 316709.13
 113.3 4.784 188377.41
 50.86 4.784 118310.87
 136.01 4.784 85595.4
 70.03 4.787 805415.44
 60.13 4.787 783909.36
 79.92 4.787 661808.33
 130.05 4.787 510668.91
 45.41 4.787 484874.84
 29.93 4.787 475527.78
 114.57 4.787 450415.97
 119.64 4.787 334786.92
 15.46 4.787 307250.23
 38.55 4.787 274111.34
 101.62 4.787 211761.61
 130.3 4.787 211316.1
 19.9 4.787 207999.58
 58.61 4.787 189266.55
 124.72 4.787 188337.5
 135.13 4.787 184302.07
 18.76 4.787 162885.67
 133.6 4.787 159564.93
 108.48 4.787 138240.3
 100.36 4.787 83562.85
 57.34 4.787 52902
 17.74 4.791 632229.35
 8.61 4.791 395138.57
 23.07 4.791 384678.34
 96.8 4.791 284401.4
 86.27 4.791 280892.58
 61.52 4.791 274320.33
 66.35 4.791 220836.58
 102.51 4.791 220314.8
 6.2 4.791 184739.75
 87.79 4.791 84877.42
 85.38 4.791 75759.91
 26.5 4.794 628313.18
 48.2 4.794 606927.71
 53.78 4.794 577154.74
 129.54 4.794 563843.88
 28.28 4.794 509445.09
 40.71 4.794 488845
 18 4.794 372661.57
 135.51 4.794 361229.44
 94.65 4.794 335885.69
 99.72 4.794 316342.5
 120.79 4.794 309551.85
 35.76 4.794 263151.45
 39.57 4.794 257527.69
 65.46 4.794 235241.85
 115.58 4.794 227398.89
 2.77 4.794 219532.5
 11.91 4.794 211193.32
 103.02 4.794 206112
 74.98 4.794 191140.77
 10.89 4.794 188585.85
 38.3 4.794 151647.81
 128.15 4.794 144858.94
 111.9 4.794 134928.42
 113.68 4.794 128488.93
 24.47 4.794 117851.7
 64.19 4.794 114667.7
 26.88 4.794 111593.58
 81.32 4.794 56712.83
 77.51 4.797 391095.61
 122.31 4.797 382332.59
 49.98 4.797 382153.53
 137.54 4.797 371660.24
 62.79 4.797 368443.09
 12.79 4.797 323932.46
 86.65 4.797 308558.54
 43.38 4.797 267386.67
 128.53 4.797 208522.68
 123.32 4.797 177837.71
 100.99 4.797 156159.93
 79.8 4.8 445803.16
 29.29 4.8 362054.51
 103.4 4.8 343562.16
 121.04 4.8 296907.91
 41.98 4.8 289333.66
 20.54 4.8 211668.31
 105.56 4.8 211275.53
 131.95 4.8 180417.84
 24.85 4.8 178900.81
 70.15 4.8 136701.66
 71.55 4.8 110906.89
 104.8 4.8 105883.13
 81.83 4.8 105766.58
 18.63 4.8 100692.34
 96.17 4.8 83137.75
 27.13 4.8 79409.21
 72.56 4.8 43100.61
 5.05 4.8 32713.56
 15.46 4.804 347349.05
 50.23 4.804 341766.6
 118.25 4.804 331125.83
 97.18 4.804 327095.99
 123.71 4.804 264767.74
 86.9 4.804 238925.73
 30.43 4.804 219163.5
 83.1 4.804 195642.09
 136.14 4.804 175676.86
 66.85 4.804 173044.16
 36.02 4.804 160431.3
 114.44 4.804 152589.02
 130.81 4.804 149724.02
 107.21 4.804 130231.23
 78.53 4.804 114333.28
 108.86 4.804 97213.29
 6.58 4.804 77574.72
 33.99 4.804 66197.85
 118.76 4.804 60617.2
 54.67 4.804 59416.98
 10.13 4.804 44318.59
 139.95 4.807 3925385.19
 43.88 4.807 317149.75
 88.17 4.807 254602.1
 94.01 4.807 234452.65
 8.86 4.807 226696.3
 21.04 4.807 206880.63
 51.37 4.807 202168.72
 72.95 4.807 112597.99
 124.72 4.807 109294.03
 97.56 4.807 109275.04
 138.93 4.807 98856.75
 89.32 4.807 67891.78
 47.31 4.807 54267.24
 3.91 4.807 49639.81
 85.38 4.81 271298.45
 56.45 4.81 237362.84
 106.07 4.81 180217.22
 129.54 4.81 174601.4
 96.42 4.81 106107.62
 44.39 4.81 97410.92
 7.72 4.81 95501.47
 126.24 4.81 95312.95
 35.51 4.81 69358.14
 85.89 4.81 61624.47
 137.03 4.81 47852.46
 69.65 4.81 45450.02
 17.62 4.81 29743.23
 104.67 4.81 28842.2
 107.72 4.814 175895.48
 8.1 4.814 122790.85
 36.4 4.814 113756.39
 47.56 4.814 75986.06
 78.4 4.814 67577.18
 68.5 4.814 53991.75
 109.62 4.814 29628.16
 74.34 4.814 27595.32
 71.04 4.814 23785.39
 11.14 4.814 23231.57
 33.99 4.817 201285.13
 60.13 4.817 194900.2
 10.51 4.817 186585.43
 29.29 4.817 138350.28
 79.92 4.817 112758.08
 119.52 4.817 100667.16
 59.24 4.817 89686.39
 98.58 4.817 85988.56
 35.89 4.817 76794.95
 135.89 4.817 59601.03
 15.46 4.817 50966.16
 41.09 4.817 49313.8
 112.67 4.817 48577.76
 138.43 4.817 38075.56
 121.68 4.817 29784.7
 24.98 4.817 27754.52
 83.73 4.817 25554.7
 118.5 4.82 229250.4
 64.19 4.82 101453.93
 54.16 4.82 63079.44
 133.22 4.82 52605.14
 39.44 4.82 47162.23
 46.55 4.82 25855.39
 76.37 4.82 18524.07
 90.97 4.82 17527.47
 137.03 4.823 122098.88
 115.33 4.823 121596.55
 126.5 4.823 87969.72
 16.73 4.823 79253.91
 2.77 4.823 68380.13
 62.79 4.823 59479.64
 47.95 4.823 52113.18
 74.34 4.823 41069.95
 138.68 4.823 33076.89
 110.51 4.823 30669.56
 99.72 4.823 26140.26
 61.52 4.823 20879.66
 13.81 4.827 148618.01
 98.58 4.827 138180.32
 121.68 4.827 121958.09
 37.03 4.827 106845.14
 4.42 4.827 73936.23
 18.12 4.827 61717.48
 54.8 4.827 47345.68
 112.03 4.827 46598.54
 91.85 4.827 30217.42
 114.19 4.827 22395.59
 90.58 4.827 20091.86
 58.61 4.827 18475.13
 0.36 4.83 539658.59
 51.75 4.83 56527.44
 101.12 4.83 53578.48
 109.62 4.83 39553.47
 88.43 4.83 36696.98
 32.08 4.83 30865.12
 71.68 4.83 21015.76
 8.23 4.83 20911.86
 139.95 4.833 389990.41
 35.76 4.833 114808.13
 50.23 4.833 89339.46
 77.89 4.833 71229.16
 102.39 4.833 62893.97
 29.42 4.833 58028.6
 87.03 4.833 35204.2
 15.33 4.833 28671.41
 127.26 4.833 26610.51
 78.4 4.833 25546.59
 41.35 4.833 23321.39
 93.25 4.833 17506.63
 2.77 4.836 76675.18
 94.14 4.836 61263.26
 91.98 4.836 49606.8
 24.98 4.836 48022.09
 99.72 4.836 47978.03
 114.06 4.836 39038.01
 64.06 4.836 33502.44
 119.52 4.836 29119.99
 28.02 4.836 25346.56
 16.85 4.836 23216.66
 33.86 4.836 22760.59
 133.48 4.836 20330.58
 103.78 4.836 19188.53
 37.16 4.84 75189.45
 53.91 4.84 68955.96
 121.8 4.84 53144.01
 129.42 4.84 50957.76
 48.07 4.84 42757.91
 135.51 4.84 41843.78
 111.9 4.84 41767.03
 45.28 4.84 40490.13
 46.93 4.84 38545.33
 115.33 4.84 37899.1
 137.03 4.84 31605.1
 10.64 4.84 31353.88
 4.55 4.84 30913.73
 18.12 4.84 29481.25
 131.95 4.84 24219.49
 74.21 4.84 23017.99
 108.22 4.84 21013.18
 62.92 4.84 20603.57
 133.73 4.843 34352.01
 19.39 4.843 24105.41
 101.12 4.843 20663.23
 94.65 4.843 18063.05
 56.32 4.846 57281.92
 21.04 4.846 54806.68
 12.92 4.846 49508.37
 118.38 4.846 47388.41
 50.36 4.846 39236.42
 61.4 4.846 38474.77
 15.33 4.846 37376.58
 85.64 4.846 33068.98
 41.47 4.846 31514.24
 114.31 4.846 30882.91
 29.29 4.846 30134.05
 78.4 4.846 26567.77
 79.8 4.846 23950.16
 24.98 4.846 23777.19
 96.93 4.846 19843.41
 139.95 4.85 346380.28
 104.67 4.85 18759.44
 43.88 4.853 63095.68
 94.26 4.853 48375.87
 98.45 4.853 39617.96
 26.63 4.853 39341.9
 131.95 4.853 37445.46
 18.12 4.853 32219.56
 2.77 4.853 29410.64
 10.89 4.853 29062.89
 99.59 4.853 28461.53
 63.94 4.853 26841.84
 48.07 4.853 24008.73
 94.65 4.853 22192.45
 11.4 4.853 22175.44
 115.2 4.853 22108.95
 58.61 4.853 19051.63
 4.29 4.853 18491.46
 122.06 4.856 77124.04
 126.24 4.856 40306.93
 127.64 4.856 24933.88
 77.26 4.856 20112.89
 137.28 4.856 19344.18
 0.36 4.859 249112.23
 35.89 4.859 45158.32
 29.29 4.859 40275.08
 60 4.859 36251.09
 33.99 4.859 35467.16
 118.5 4.859 35220.79
 21.17 4.859 33066.42
 13.94 4.859 32196.21
 71.3 4.859 23172.96
 124.47 4.859 19169.51
 79.8 4.863 32498.37
 15.33 4.863 21941.84
 46.93 4.863 18316.68
 91.85 4.866 37716
 88.43 4.866 28006.35
 44.01 4.869 60650.49
 35.76 4.869 44019.58
 18.12 4.869 40041.07
 47.95 4.869 38764.34
 11.27 4.869 27927.72
 2.77 4.869 27234.3
 37.16 4.869 22576.11
 108.1 4.869 20105.64
 10.38 4.869 19457.74
 90.08 4.869 19279.39
 51.63 4.869 19234.27
 62.79 4.869 17390.13
 98.58 4.872 55261.94
 4.16 4.872 39747.14
 132.21 4.872 37699.42
 103.78 4.872 17537.48
 114.95 4.872 17369.95
 139.95 4.876 234772.96
 0.36 4.876 206427.63
 50.23 4.876 47625.83
 13.05 4.876 37198.53
 118.5 4.876 33470.64
 15.33 4.876 32862.32
 88.55 4.876 29310.93
 54.67 4.876 28961.75
 79.8 4.876 28566.12
 33.99 4.876 25517.81
 78.27 4.876 24957.65
 90.84 4.876 21363.19
 35.89 4.879 57447.04
 129.42 4.879 45193.34
 101.12 4.879 44096.52
 13.81 4.879 38930.51
 127.39 4.879 34126.79
 109.75 4.879 28816.65
 130.81 4.879 21076.8
 45.28 4.879 18491.35
 37.16 4.882 43233.69
 2.77 4.882 33137.75
 59.87 4.882 31635.11
 72.82 4.882 31431.05
 91.98 4.882 28594.31
 48.07 4.882 26823.01
 67.36 4.882 26299.18
 96.8 4.882 22034.85
 108.22 4.882 20698.78
 11.4 4.882 19700.68
 137.03 4.882 19195.36
 10.26 4.882 19104.32
 8.23 4.882 18124.48
 21.04 4.882 18087.95
 126.24 4.886 35041.79
 94.26 4.886 31683.59
 122.06 4.886 18457.8
 71.42 4.886 18214.1
 77.26 4.886 17685.96
 129.54 4.889 54699.08
 118.5 4.889 40257.91
 50.23 4.889 33849.6
 63.94 4.889 33165.25
 102.39 4.889 30020.58
 85.25 4.889 28755.38
 46.93 4.889 22410.98
 25.36 4.889 20146.45
 15.33 4.889 18340.61
 139.95 4.892 228131.73
 0.36 4.892 199795.35
 54.8 4.892 48251.97
 110.63 4.892 34360.2
 133.48 4.892 25644.51
 8.48 4.892 25242.8
 29.29 4.892 24018.68
 21.42 4.892 23057.28
 43.88 4.892 21973.88
 122.06 4.895 32174.24
 13.05 4.895 28762.76
 58.48 4.895 21242.84
 78.53 4.895 19218.13
 2.77 4.899 38929.29
 91.85 4.899 33261.02
 10.38 4.899 31005.61
 53.78 4.899 29363.77
 79.8 4.899 27669.82
 13.81 4.899 27423.85
 37.29 4.899 25210.9
 48.07 4.899 25032.77
 137.16 4.899 20586.56
 127.51 4.899 18522.28
 132.08 4.899 18395.69
 108.22 4.899 18370.86
 58.73 4.902 28241.74
 98.83 4.902 21918.41
 77.51 4.902 20035.91
 139.95 4.905 158295.81
 35.89 4.905 34577.12
 118.5 4.905 29873.85
 33.86 4.905 25965.07
 50.36 4.905 24486.63
 29.42 4.905 23726.37
 8.73 4.905 23601.6
 10.51 4.908 50315.88
 85.64 4.908 33799.57
 58.99 4.908 30977.83
 121.93 4.912 55520.19
 1.5 4.912 34802.46
 103.66 4.912 25313.75
 13.94 4.912 23967.94
 94.26 4.912 22611.93
 91.85 4.912 22057.94
 63.81 4.912 19303.27
 0.36 4.915 204251.94
 2.77 4.915 45992.8
 41.35 4.915 34531.68
 71.42 4.915 27082.86
 26.37 4.915 24531.82
 129.8 4.915 24519.19
 104.8 4.915 24103.94
 13.05 4.915 21893.61
 62.79 4.915 19712.78
 35.89 4.918 43397.19
 50.23 4.918 38419.68
 132.21 4.918 38118.68
 78.53 4.918 35568.28
 137.16 4.918 33148.29
 43.76 4.918 30323.54
 135.89 4.918 23726.28
 56.45 4.918 22811.03
 131.07 4.918 19665.42
 139.95 4.922 140448.53
 79.8 4.922 38205.14
 105.05 4.922 33106.43
 15.46 4.922 32612.99
 77.51 4.922 28576.94
 123.58 4.922 25262.22
 118.63 4.922 23124.6
 16.6 4.922 22608.14
 98.83 4.925 65497.75
 124.72 4.925 58606.77
 126.24 4.925 40513.99
 33.86 4.925 36810.82
 44.01 4.925 35257.43
 64.06 4.925 31034.73
 97.69 4.925 30558.89
 10.76 4.925 28233.48
 4.29 4.925 25436.49
 18.12 4.925 20497.84
 43.12 4.925 18336.78
 88.55 4.928 45343.95
 87.54 4.928 43366.85
 117.99 4.928 36909.71
 137.28 4.928 33703.11
 105.3 4.928 32885.08
 96.68 4.928 30133.07
 107.97 4.928 29160.86
 86.52 4.928 23559.4
 106.19 4.928 20016.58
 78.78 4.928 19437.04
 37.16 4.928 18044.55
 118.88 4.931 43298.3
 59.11 4.931 21471.11
 32.72 4.931 17693.08
 0.36 4.935 96468.38
 94.14 4.935 43890.88
 116.6 4.935 21205.33
 45.28 4.938 38597.67
 88.17 4.938 33267.37
 31.7 4.938 26983.46
 54.16 4.938 24411.07
 44.01 4.938 18207.09
 126.5 4.941 30618
 43.76 4.941 26333.13
 37.29 4.941 23965.88
 137.41 4.941 21024.94
 29.55 4.941 19818.1
 99.21 4.944 30975.37
 10.76 4.944 23490.98
 33.99 4.944 23183.19
 110.63 4.944 19966.63
 53.66 4.944 17683.19
 139.95 4.948 106969.73
 35.64 4.948 46570.15
 74.21 4.948 45502.33
 18.12 4.948 45282.46
 13.05 4.948 37396.74
 11.4 4.948 35542.81
 94.14 4.948 34323.22
 112.03 4.948 22203.47
 129.42 4.948 21844.27
 59.37 4.948 18572.11
 0.36 4.951 96126.21
 47.18 4.951 33610.83
 21.42 4.951 33571.23
 137.54 4.951 32554.99
 121.93 4.951 29563.83
 61.78 4.951 21678.53
 118.5 4.954 46457.76
 108.22 4.954 35983.65
 91.73 4.954 33454.73
 13.81 4.954 31014.64
 64.06 4.954 25744.49
 72.95 4.954 22397.49
 67.36 4.954 20576.38
 37.29 4.954 18500.12
 54.16 4.958 44894.25
 85.51 4.958 39860.7
 35.76 4.958 37703.45
 77.64 4.958 37205.99
 2.77 4.958 37190.6
 88.55 4.958 32149.18
 43.88 4.958 27039.81
 79.8 4.958 23441.34
 135.63 4.958 20428.81
 4.42 4.958 19379.44
 98.2 4.961 19715.5
 124.47 4.961 19278.38
 0.36 4.964 107822.66
 139.95 4.964 106301.98
 36.02 4.964 36230.65
 15.33 4.964 26703.56
 135.89 4.967 18864.2
 53.91 4.967 17375.8
 44.01 4.971 35543.13
 91.98 4.971 20281.26
 2.64 4.971 19762.42
 54.8 4.974 38152.7
 21.8 4.974 19244.04
 47.95 4.974 18751.91
 139.95 4.977 93752.5
 119.9 4.977 52018.16
 37.16 4.977 34283.49
 0.36 4.98 106632.59
 124.47 4.98 41290.36
 126.12 4.98 32577.27
 35.76 4.98 31654.9
 77.89 4.98 29931.19
 10.51 4.98 28377.57
 118.5 4.98 26358.1
 121.29 4.98 20553.32
 136.14 4.98 18811.74
 31.58 4.98 18115.46
 98.45 4.984 26611.73
 45.53 4.984 23102.82
 21.55 4.984 21955.44
 10.64 4.984 20456.96
 133.73 4.984 17790.54
 86.14 4.984 17516.35
 2.64 4.987 31836.16
 138.3 4.987 25508.1
 79.8 4.987 25107.63
 18.12 4.987 21902.08
 38.94 4.987 21344.74
 99.47 4.987 21279.64
 59.49 4.987 18947.57
 54.8 4.987 18677.95
 111.9 4.987 17654.14
 29.42 4.987 17502.76
 62.92 4.99 29822.09
 96.29 4.99 20914.79
 135.89 4.99 19274.45
 36.02 4.993 31293.22
 118.76 4.993 22845.95
 31.96 4.993 21506.58
 139.95 4.997 103079.4
 44.01 4.997 38420.79
 127.26 4.997 32852.27
 84.11 4.997 22330.66
 44.39 4.997 18463.2
 37.29 5 23819.13
 60.26 5 20008.5
 2.77 5 18411.34
 18.12 5.003 34733.95
 74.21 5.003 22703.62
 33.99 5.003 20327.65
 0.36 5.007 93723.49
 109.87 5.007 31752.82
 91.6 5.007 24058.62
 132.21 5.007 23185.7
 94.39 5.007 23097.1
 64.06 5.007 21726.38
 13.81 5.007 19305.18
 96.42 5.01 22014.39
 15.33 5.013 39867.21
 91.85 5.013 19417.35
 122.44 5.013 18892.05
 44.14 5.016 27288.93
 47.69 5.02 30767.75
 3.91 5.02 28249.53
 0.36 5.023 69289.14
 118.63 5.023 17782.32
 35.89 5.029 19082.37
 126.62 5.029 18162.1
 10.26 5.033 32242.97
 44.14 5.033 21289.97
 98.71 5.036 29424.58
 33.99 5.036 29389.15
 118.63 5.036 23878.69
 4.16 5.036 19438.13
 18.12 5.043 20730.15
 35.89 5.046 24399.57
 37.29 5.046 23798.55
 79.67 5.046 19712.47
 98.83 5.049 23423.85
 12.92 5.049 21091.6
 29.16 5.049 18339.08
 95.03 5.052 34046.64
 129.42 5.052 24059.21
 18.12 5.059 30256.76
 40.84 5.059 21376.98
 132.08 5.059 20025.26
 126.88 5.059 18388.2
 96.68 5.065 20532.83
 98.96 5.065 19622.65
 15.33 5.065 18202.81
 36.02 5.069 21624.88
 94.26 5.072 39459.03
 13.05 5.072 27133.41
 97.06 5.072 18858.27
 18.12 5.072 18559.67
 79.67 5.072 18125.57
 33.86 5.075 22526.27
 99.97 5.075 20489.87
 56.07 5.075 19462.63
 101.24 5.079 33829.15
 114.44 5.079 25428.51
 0.36 5.082 58957.9
 118.63 5.082 20755.94
 20.15 5.082 19326.73
 98.71 5.085 82789.55
 44.01 5.085 23611.55
 130.68 5.088 21890.19
 29.29 5.088 18615.25
 53.66 5.088 18366.59
 0.36 5.095 66095.45
 47.06 5.095 18056.05
 4.42 5.098 26032.25
 94.26 5.105 18565.46
 94.26 5.118 19825.06
 79.8 5.124 18070.78
 126.5 5.134 19757.8
 129.42 5.134 18564.38
 36.02 5.137 17815.99
 121.93 5.141 21475.63
 47.95 5.141 21002.18
 51.5 5.144 21994.56
 44.01 5.147 19949.61
 79.04 5.147 18376.26
 95.03 5.151 45436.23
 127.39 5.151 17552.17
 110.51 5.167 20445.73
 97.06 5.183 22483.88
 35.89 5.229 23393.26
 118.63 5.229 19503.72
 95.03 5.232 1205009.38
 95.91 5.232 41581.56
 97.18 5.232 29201.63
 44.01 5.232 25652
 101.12 5.232 25147.6
 98.58 5.232 20126.4
 74.34 5.236 26534.5
 33.99 5.236 23566.48
 0.36 5.239 48468.15
 104.29 5.242 18559.71
 0.36 5.255 46629.15
 35.89 5.272 22516.17
 2.64 5.285 18599.31
 0.36 5.288 38801.7
 12.92 5.298 18009.15
 80.05 5.301 19992.44
 95.03 5.317 46125.29
 95.03 5.415 61952.49
 95.03 5.674 48490.7
 119.01 6.852 21420.22
 124.72 7.143 323108.44
 125.61 7.143 21311.27
 126.24 7.143 17710.64
 139.06 7.8 65933.09
