# w1 w2 "Data Height"
 16.48 0.837 90058.18
 23.23 0.863 678321.25
 22.21 0.866 40497.48
 23.36 0.919 653380.25
 22.34 0.919 36202.38
 24.5 0.942 85979.58
 13.94 0.942 64754.01
 23.74 0.958 248194.94
 24.76 0.971 293248.88
 23.61 0.991 85055.44
 19.41 0.994 421520.81
 17.5 1.011 98142.76
 25.01 1.037 218869.55
 20.81 1.047 401805.66
 20.81 1.149 496828.56
 32.53 1.201 39986.48
 20.81 1.204 123032.52
 34.56 1.211 49335.46
 18.01 1.218 52493.74
 32.4 1.221 137741.74
 25.4 1.244 37530.72
 32.4 1.257 48870.95
 25.4 1.257 34558.57
 32.02 1.306 42086.07
 22.98 1.309 42843.74
 21.96 1.336 351721.14
 22.98 1.339 3943804
 71.36 1.339 383706.44
 21.19 1.339 125293.05
 20.56 1.339 76341.82
 18.39 1.339 52174.45
 19.79 1.339 48186.92
 17.63 1.339 42544.03
 19.03 1.339 39751.3
 139.73 1.342 41365
 24.12 1.451 60815.59
 19.03 1.487 759704.63
 53.41 1.487 83948.52
 18.01 1.487 50498.32
 24.25 1.513 64540.78
 28.58 1.552 237878.38
 28.07 1.582 243797.98
 27.05 1.589 52507.87
 26.92 1.631 213539.31
 42.58 1.694 99922.15
 26.8 1.72 66775.75
 29.21 1.733 164482.58
 42.58 1.74 95726.34
 42.71 1.749 52684.45
 23.36 1.818 820056.31
 22.34 1.818 51815.66
 23.36 1.845 898007.25
 22.34 1.845 53047.38
 32.78 1.894 76244.36
 30.49 1.907 35437.6
 32.78 1.91 114734.99
 32.78 1.923 72289.96
 26.03 1.927 171630.61
 30.49 1.927 62912.81
 30.36 1.946 66757.34
 29.85 1.979 38756.89
 38.64 1.986 77240.26
 26.54 1.999 54435.92
 29.85 2.002 42406.94
 26.54 2.015 52058.77
 31.76 2.071 60459
 48.31 2.081 84816.47
 29.21 2.124 191464.65
 25.65 2.143 37702.15
 29.21 2.147 237648.3
 25.65 2.173 42750.67
 25.65 2.189 41168.18
 40.04 2.202 815161.63
 25.65 2.206 66286.25
 38.89 2.206 41714.32
 25.65 2.225 94709.7
 26.54 2.239 35672.4
 25.78 2.242 106337.7
 27.94 2.255 78144.09
 28.58 2.255 46510.43
 30.74 2.255 43523.64
 29.34 2.255 43220.86
 139.73 2.255 36914.59
 25.78 2.258 1063871.75
 26.54 2.258 162521.51
 27.18 2.258 137489.12
 31.89 2.258 86779.92
 114.27 2.258 59429.58
 35.84 2.258 45966.71
 32.91 2.258 39992.08
 40.16 2.258 39793.22
 36.6 2.258 38702.01
 34.43 2.258 35776.62
 38.13 2.258 34508.41
 39.15 2.262 45991.93
 51.24 2.262 45065.63
 52.13 2.262 41896.67
 109.05 2.262 34756.01
 4.39 2.265 43499.56
 108.03 2.265 35085.24
 8.21 2.268 85130.87
 57.48 2.268 76246.83
 109.3 2.268 68632.19
 7.32 2.268 66172.6
 55.19 2.268 62883.45
 51.5 2.268 51939.5
 52.39 2.268 50701.51
 113.88 2.268 48553.5
 5.15 2.268 45730.46
 122.54 2.268 45192.47
 63.97 2.268 42016.55
 86.38 2.268 37580.09
 138.58 2.268 36150.8
 25.01 2.271 66894388
 23.99 2.271 3642605.43
 15.34 2.271 292994.78
 139.86 2.271 217507.25
 13.17 2.271 171295.75
 11.01 2.271 156706.41
 8.72 2.271 140561.34
 11.77 2.271 134566.87
 10.24 2.271 100878.31
 79.89 2.271 79357.74
 120 2.271 67003.08
 53.15 2.271 63332.87
 68.3 2.271 62811.18
 125.47 2.271 55693.64
 59.01 2.271 53995.1
 55.95 2.271 49332.02
 23.36 2.275 1824530.06
 22.59 2.275 1043709.86
 21.83 2.275 725176.26
 21.19 2.275 635861.72
 20.43 2.275 445772.52
 19.67 2.275 368414.74
 19.03 2.275 324818.95
 18.27 2.275 277912.23
 16.1 2.275 277181.26
 13.94 2.275 271186.8
 17.5 2.275 233391.57
 16.86 2.275 206655.63
 14.57 2.275 203796.36
 12.41 2.275 155856.09
 9.48 2.275 117532.14
 86.64 2.275 88775.06
 126.11 2.275 84678.8
 58.12 2.275 78184.86
 124.07 2.275 70970.01
 90.97 2.275 60732.21
 80.78 2.275 58240.71
 65.5 2.275 55896.26
 127.63 2.275 51585.73
 74.29 2.275 47128.79
 123.18 2.275 47013.78
 82.18 2.275 44027.47
 84.47 2.275 42089.31
 90.33 2.275 39624.84
 131.2 2.275 37958.48
 71.49 2.275 36981.55
 118.85 2.278 63875.98
 59.64 2.278 61658.17
 129.03 2.278 52443.43
 126.87 2.278 51411.39
 53.66 2.278 47042.74
 70.59 2.278 38924.73
 64.48 2.278 37707.54
 119.49 2.281 85345.91
 124.71 2.281 84214.19
 115.92 2.281 57653.58
 82.56 2.281 56543.8
 128.02 2.281 42660.12
 0.44 2.284 165813.53
 115.28 2.284 106567.27
 131.71 2.284 72124.97
 116.56 2.284 55167.53
 129.29 2.284 34546.45
 31.89 2.288 183108.31
 26.92 2.288 47941.55
 82.82 2.288 43104.58
 30.49 2.288 40614.51
 26.29 2.291 60529.92
 26.16 2.301 75288.59
 26.92 2.301 42982.58
 115.16 2.301 37088.95
 25.14 2.307 566512.67
 25.01 2.321 570706.91
 25.01 2.337 223232.72
 139.6 2.337 53541.17
 25.01 2.35 211520.84
 36.22 2.353 73257.62
 31.76 2.36 88639.11
 25.14 2.363 286206.44
 48.44 2.363 38740.76
 25.01 2.38 253646.4
 25.14 2.393 216615.74
 48.44 2.393 37805.59
 25.14 2.409 205393.32
 32.4 2.409 116879.53
 48.44 2.416 44453.31
 25.14 2.422 155368.34
 25.01 2.439 161261.61
 45.77 2.445 102503.96
 36.47 2.449 374036.09
 25.14 2.452 132848.74
 48.44 2.458 66651.43
 33.67 2.462 474439.51
 25.14 2.465 137874.86
 48.31 2.475 71780.44
 25.14 2.481 134879.56
 25.14 2.495 117663.06
 25.14 2.511 122009.21
 48.31 2.521 7320724.18
 47.29 2.521 368047.81
 46.53 2.521 147536.88
 45.89 2.521 90057.18
 44.37 2.521 54981.19
 78.11 2.521 46079.99
 25.14 2.524 87079.74
 45.13 2.524 68044.17
 42.97 2.524 46396.65
 43.73 2.524 44529.46
 48.31 2.541 9089319.66
 47.29 2.541 450149.03
 25.01 2.541 90357.14
 78.23 2.541 47229.44
 139.48 2.541 44123.4
 46.53 2.544 168567.91
 45.89 2.544 102255.57
 45.13 2.544 84558.88
 44.37 2.544 66874.22
 42.2 2.544 43296.38
 43.73 2.544 38947.68
 41.57 2.544 35815.67
 25.14 2.554 100014.42
 25.14 2.57 100407.69
 25.14 2.583 91926.28
 25.14 2.6 75456.04
 25.14 2.613 92191.8
 50.99 2.623 68748.12
 25.14 2.629 66221.91
 48.44 2.629 35230.44
 25.14 2.642 84606.55
 77.09 2.649 49879.42
 31.51 2.652 44264.01
 25.14 2.655 64093.72
 25.14 2.672 58937.98
 48.31 2.675 8769652.13
 47.29 2.675 430827.04
 46.53 2.675 174555.6
 45.89 2.675 113229.88
 139.6 2.675 37390.96
 40.8 2.675 35137.43
 44.37 2.678 83540.38
 45.13 2.678 82567.4
 43.73 2.678 69413.77
 42.97 2.678 56753.21
 41.44 2.678 47839
 40.04 2.678 45087.75
 39.27 2.678 36848.48
 91.48 2.682 51210.46
 25.14 2.685 58600.46
 16.48 2.688 178282.39
 48.31 2.695 7337864.19
 47.29 2.695 361602.34
 46.53 2.698 153716.05
 45.89 2.698 81248.21
 45.13 2.698 78134.28
 44.37 2.698 51034.15
 42.97 2.698 42586.83
 43.73 2.698 39432.33
 25.01 2.701 54215.43
 25.14 2.715 55841.48
 25.01 2.731 64019.32
 28.2 2.734 36886.55
 25.01 2.744 59299.18
 25.01 2.761 55201.4
 25.14 2.774 61406.03
 25.14 2.79 53395.45
 25.01 2.803 59840.01
 25.14 2.816 49246.14
 25.01 2.833 52408.61
 25.14 2.846 46768.64
 25.01 2.862 83442.29
 25.01 2.879 159294
 78.62 2.908 58260.65
 57.1 2.925 47245.48
 37.87 2.934 55123.99
 37.87 2.957 45130.14
 42.07 3.04 336161.79
 39.91 3.04 75751.02
 38.51 3.046 52670.15
 33.03 3.049 139191.92
 39.53 3.049 55504.02
 25.14 3.053 44038.57
 38.38 3.066 52731.6
 41.82 3.069 153363.92
 48.7 3.112 116969.24
 75.69 3.122 40367.38
 39.27 3.138 63092.59
 47.42 3.171 101122.53
 38.38 3.187 96379.42
 56.72 3.207 1009955.47
 38.38 3.207 46409.37
 55.7 3.21 41109.97
 31 3.223 57477.67
 77.09 3.227 75772.42
 56.84 3.233 1132724.26
 55.83 3.233 37865.6
 43.35 3.253 148086.39
 39.4 3.253 35327.64
 56.84 3.256 76768.23
 77.09 3.259 6875560.5
 78.74 3.263 652346.74
 75.94 3.263 180863.3
 98.73 3.263 103920.84
 75.31 3.263 69124.62
 74.54 3.266 45252.34
 71.61 3.266 39832.66
 73.9 3.266 36119.36
 50.6 3.269 96315.59
 56.21 3.273 579703.75
 77.09 3.276 832307.25
 39.27 3.276 60015.66
 55.06 3.276 39359.03
 78.11 3.276 34717.42
 139.6 3.282 43226.22
 71.61 3.286 127255.01
 48.31 3.286 70143.94
 77.22 3.296 60432.79
 39.27 3.296 46885.28
 63.59 3.299 71771.8
 55.83 3.299 36078.47
 54.93 3.305 132278.75
 77.22 3.309 44811.49
 139.6 3.328 41357.12
 49.08 3.351 153429.22
 83.07 3.365 351559.13
 51.88 3.368 1054908.63
 72.63 3.368 358109.63
 80.4 3.368 49432.08
 72.5 3.381 100066.21
 70.85 3.394 1295217
 72.5 3.397 97759.73
 70.34 3.411 653051.94
 82.82 3.411 58629.34
 71.36 3.414 109793.84
 98.86 3.42 45358.62
 72.5 3.424 7847897.17
 78.62 3.424 1501417
 38.38 3.424 89244.19
 74.29 3.427 216005.8
 71.36 3.427 183445.4
 49.08 3.427 157083.71
 75.69 3.433 146836.22
 70.72 3.433 85793.94
 69.96 3.433 45113.5
 68.56 3.433 35944.87
 69.45 3.437 53445.16
 121.01 3.44 35826.24
 69.45 3.453 266151.56
 80.4 3.456 212751.95
 139.6 3.456 40049.5
 69.45 3.463 115697.71
 79.76 3.473 114424.14
 78.74 3.476 4427437.36
 63.59 3.476 146156.44
 72.38 3.479 1104131.5
 80.53 3.479 46877.24
 79.76 3.489 89974.3
 78.74 3.493 3134520.33
 63.59 3.493 56736.04
 80.4 3.496 37176.16
 78.62 3.509 5338958
 76.96 3.509 591278.94
 25.01 3.509 266420.13
 77.47 3.509 99857.03
 72.38 3.512 509695.67
 80.4 3.516 51750.09
 76.07 3.516 46710.81
 74.54 3.519 54855.52
 139.6 3.519 39950.59
 78.62 3.529 238677.04
 74.29 3.542 1118155.43
 78.62 3.545 63945.45
 73.27 3.545 51138.95
 69.58 3.552 232630.95
 72.5 3.552 43726.78
 74.29 3.555 4296548.5
 75.56 3.558 684223.06
 73.27 3.562 106459.22
 65.37 3.562 53031.23
 74.29 3.565 2023399.3
 66.77 3.565 62784.42
 72.5 3.565 62755.34
 69.45 3.568 219140.98
 44.49 3.575 592827.19
 65.5 3.575 143607.44
 75.05 3.575 37016
 66.77 3.581 79572.42
 74.8 3.585 72051.36
 63.34 3.598 494719.67
 72.25 3.604 200775.99
 65.5 3.604 100663.28
 74.92 3.607 51855.19
 75.18 3.617 51371.58
 63.34 3.624 824885.63
 65.63 3.624 36206.43
 75.18 3.63 85796.6
 139.6 3.644 35786.62
 120.76 3.647 34978.87
 75.18 3.65 74655.14
 68.68 3.653 120492.19
 65.5 3.653 64135.29
 122.41 3.653 36830.76
 74.67 3.66 71584.57
 63.72 3.66 54032.03
 75.69 3.66 39439.42
 64.48 3.66 38518.52
 75.05 3.663 114748.64
 65.5 3.67 192225.27
 75.69 3.673 46203.89
 64.36 3.673 38113.5
 69.7 3.676 56923.37
 62.45 3.683 248423.75
 68.68 3.683 58854.48
 139.6 3.686 38111.24
 63.72 3.69 167835.09
 75.69 3.69 128762.1
 65.63 3.696 79271.68
 74.8 3.699 36007.73
 63.72 3.703 250606.45
 66.01 3.709 93072.59
 75.69 3.713 1248474.34
 73.27 3.713 38753.33
 72.5 3.719 281843.08
 66.77 3.719 59242.01
 75.56 3.726 3571065.42
 63.59 3.726 1913898.19
 74.41 3.726 425896.64
 66.14 3.726 100810.69
 139.6 3.726 36975.36
 78.74 3.729 164610.47
 62.57 3.729 117520.24
 58.88 3.729 59705.03
 61.81 3.729 42106.16
 72.5 3.736 183579.36
 66.77 3.736 73770
 75.56 3.742 611039.66
 63.59 3.745 3457222.15
 56.33 3.745 312140.88
 62.57 3.745 113115.96
 78.74 3.749 219112.95
 61.81 3.749 39688.17
 75.56 3.765 61017.76
 63.46 3.768 657253.86
 74.16 3.772 95056.92
 62.45 3.772 36104.14
 57.23 3.775 1564224.13
 72.5 3.775 73920.44
 75.43 3.778 87632.07
 63.46 3.781 2524140.5
 56.08 3.781 60845.46
 139.6 3.781 44493.21
 62.45 3.785 81521.63
 72.5 3.785 53315.2
 74.16 3.788 273200.39
 75.31 3.791 70959.15
 53.41 3.798 659492.94
 70.34 3.798 74674.88
 74.92 3.801 161464.76
 139.6 3.804 35525.3
 72.25 3.808 41565.82
 70.47 3.814 114950.77
 75.05 3.814 80431.8
 63.46 3.821 100441.21
 139.6 3.821 38429.95
 73.14 3.831 92143.06
 65.25 3.831 91972.64
 74.16 3.837 3907784.75
 75.31 3.837 191060.07
 139.6 3.837 39141.19
 72.5 3.841 405299.02
 83.45 3.841 48450.51
 49.97 3.841 35045.05
 63.46 3.844 2947631.15
 62.45 3.844 111310.38
 61.68 3.847 41161.98
 65.25 3.85 95906.14
 73.14 3.85 71874.37
 59.26 3.854 269958.06
 75.05 3.86 53175.19
 80.02 3.86 44016.17
 63.46 3.864 1116701.67
 56.84 3.864 67680.62
 76.96 3.864 64846.68
 62.45 3.864 42342.98
 139.6 3.867 42831.25
 75.05 3.873 121346.87
 63.72 3.88 203284.81
 75.05 3.887 76701.23
 72.38 3.887 48812.05
 139.48 3.887 48135.56
 70.85 3.893 397806.81
 63.59 3.9 4350218.78
 62.57 3.9 156560.63
 61.81 3.9 52869.19
 72.5 3.903 155848.54
 83.96 3.903 55380.12
 120.89 3.903 38126.89
 61.17 3.903 34994.82
 70.85 3.906 74477.89
 74.92 3.906 71945.42
 139.6 3.906 45182.78
 68.94 3.913 134137.95
 63.59 3.916 3537619.46
 62.57 3.916 130325.66
 73.52 3.916 59528.98
 61.81 3.919 54808.51
 72.63 3.923 717029.25
 73.52 3.929 100967.34
 139.6 3.939 48353.59
 56.59 3.942 204359.23
 36.09 3.942 41115.56
 59.01 3.946 261735.67
 73.52 3.949 177878.98
 72.25 3.952 179292.32
 138.46 3.952 42200.16
 139.6 3.959 49381.78
 121.01 3.959 35014.96
 63.08 3.962 70684.44
 74.16 3.965 76960.36
 139.6 3.975 54445.41
 71.61 3.978 88007.28
 57.73 3.985 195180.77
 63.21 3.988 84279.36
 35.84 3.992 34659.97
 71.74 3.995 139839.37
 54.3 3.995 104183.66
 75.69 3.995 60914.29
 139.6 3.998 52327.61
 82.69 3.998 35854.3
 59.01 4.001 178082.5
 83.45 4.001 34803.81
 71.99 4.015 385497.5
 76.32 4.015 82566.81
 66.27 4.021 95716.4
 139.6 4.021 68657.2
 71.99 4.034 57502.33
 75.31 4.038 86389.52
 66.27 4.041 64454.11
 139.6 4.041 50643.3
 123.56 4.041 41732.02
 121.01 4.044 36257.67
 120.12 4.044 35120.03
 98.73 4.051 110017.42
 71.87 4.057 156432.32
 139.6 4.057 42964.39
 76.83 4.064 38192.85
 40.42 4.064 37366.65
 38.51 4.064 35345.27
 120.89 4.064 34699.59
 59.26 4.067 263858.56
 57.99 4.067 166170.8
 119.87 4.07 45969.57
 139.6 4.07 44539.69
 56.33 4.077 131101.58
 71.87 4.077 44625.03
 75.05 4.08 120011.98
 139.6 4.09 72770.28
 78.87 4.09 58765.15
 138.46 4.09 37143.11
 120.89 4.09 36430.56
 68.18 4.093 101643.05
 139.6 4.113 54022.14
 121.01 4.113 41401.45
 38.13 4.113 40648.07
 122.03 4.12 35302.83
 78.36 4.123 79573.01
 120.89 4.123 42531.8
 77.34 4.126 66924.46
 71.36 4.129 3304920.25
 72.38 4.129 50452.48
 139.6 4.133 84856.16
 22.98 4.133 71544.97
 83.2 4.133 50162.77
 64.1 4.143 376395.28
 121.01 4.146 44185.03
 82.69 4.152 34908.2
 64.1 4.156 83166.78
 73.14 4.156 68890.49
 74.41 4.159 39709.77
 139.6 4.162 68382.66
 138.71 4.162 34774.66
 120.76 4.169 42003.48
 38.25 4.169 36690.69
 123.56 4.185 35904.48
 61.17 4.189 181884.52
 73.14 4.189 56962.28
 138.84 4.189 36821.99
 139.6 4.192 84559.35
 119.87 4.192 43559.28
 121.01 4.192 43264.69
 121.9 4.192 35341.31
 123.69 4.205 40833.5
 139.6 4.215 68155.91
 38 4.215 35683.41
 36.09 4.218 38264.11
 121.01 4.228 50714.39
 139.6 4.231 67287.01
 79.12 4.231 49163.4
 138.58 4.238 42668.19
 120.76 4.238 36543.3
 79.63 4.251 41204.57
 121.01 4.254 44279.01
 49.97 4.257 38756.28
 123.81 4.257 35706.11
 139.6 4.261 69866.84
 68.94 4.264 270215.13
 77.6 4.267 45758.05
 18.14 4.271 39416.34
 38.25 4.274 39632.38
 139.6 4.277 70044.56
 120.89 4.277 64362.97
 18.39 4.277 38682.64
 39.4 4.277 38015.72
 122.8 4.28 42671.04
 118.21 4.28 35393.89
 62.19 4.287 103667.66
 139.6 4.29 77173.45
 39.53 4.297 41315.17
 38 4.3 36259.68
 40.42 4.3 35213.26
 139.6 4.303 73523.48
 121.9 4.303 39908.8
 118.34 4.303 37587.12
 120.89 4.307 90992.85
 40.55 4.307 49171.7
 35.96 4.307 39337.18
 100.39 4.307 36916.45
 19.03 4.31 35568.75
 39.02 4.313 52561.85
 88.93 4.313 37769.25
 139.6 4.32 77871.06
 39.27 4.32 45098.19
 121.9 4.32 43838.58
 62.32 4.323 79680.11
 138.71 4.323 47111.33
 123.18 4.323 38929.85
 38.25 4.326 42357.49
 121.78 4.33 44198.5
 36.09 4.33 35028.43
 38.51 4.333 42606.63
 119.87 4.336 34733.03
 121.01 4.34 58236.5
 34.94 4.34 37317.66
 139.6 4.343 106218.12
 138.71 4.343 56975.43
 121.9 4.343 43157.04
 122.67 4.346 37791.7
 123.56 4.349 38633.1
 51.37 4.349 34612.98
 18.27 4.356 42843.26
 122.67 4.356 34690.51
 39.27 4.359 51424.23
 79.12 4.359 34675.3
 35.84 4.363 39885.79
 38.38 4.363 38058.84
 40.55 4.363 35678.07
 121.01 4.366 59337.32
 88.29 4.369 39758.03
 40.42 4.376 40389.87
 39.4 4.379 34667.54
 139.6 4.382 106670.66
 121.9 4.382 55492.43
 123.43 4.382 41923.49
 117.32 4.382 41419.78
 37.87 4.382 37922.31
 50.1 4.382 35315.06
 120.89 4.386 58502.24
 138.84 4.386 45548.15
 34.82 4.386 34877.06
 51.37 4.389 52484.89
 38.64 4.392 43944.32
 36.09 4.392 37544.89
 1.71 4.395 36222.85
 116.56 4.395 35647.93
 121.01 4.399 56541.34
 138.71 4.399 54885.65
 137.57 4.399 50480.28
 122.54 4.399 49112.11
 118.09 4.399 36173.62
 119.74 4.402 37274.8
 35.96 4.405 39691.39
 39.4 4.409 50571.91
 138.84 4.412 59846.18
 123.56 4.412 46192.77
 40.55 4.412 45423.65
 50.1 4.412 35834.23
 139.6 4.415 122291.62
 121.01 4.415 58838.23
 122.67 4.415 44354.59
 120.38 4.415 40675.39
 121.9 4.415 35032.78
 82.94 4.425 48512.16
 120.89 4.428 63539.07
 122.8 4.428 44904.94
 139.6 4.431 125953.04
 138.84 4.431 64764.42
 138.33 4.431 52284
 123.43 4.431 42237.32
 39.27 4.438 56272.68
 122.54 4.438 51120.47
 121.9 4.438 49864.93
 38.38 4.438 49047.77
 40.42 4.438 44472.26
 48.7 4.438 35515.64
 18.01 4.438 34554.36
 120.89 4.441 49082.95
 50.1 4.441 37287.31
 74.29 4.445 42736.79
 118.21 4.445 42424.27
 109.05 4.445 39373.98
 139.6 4.451 88724.78
 1.46 4.451 60297.31
 4.39 4.451 44104.66
 35.84 4.454 47036.31
 100.39 4.454 43015.25
 119.36 4.454 40331.53
 120.25 4.454 36364.99
 138.71 4.458 66837.73
 120.89 4.458 56597.02
 122.8 4.458 46966.75
 39.4 4.458 43594.87
 123.56 4.458 43409.01
 117.45 4.458 39570.11
 18.01 4.458 36367.87
 82.94 4.458 36202.01
 1.97 4.461 56176.35
 50.1 4.461 55585.13
 79.76 4.461 41801.78
 139.6 4.464 124218.46
 40.55 4.464 65907.13
 38.13 4.464 63641.52
 34.82 4.464 62228.6
 86.25 4.464 35073.79
 18.14 4.468 72492.52
 103.83 4.468 40734.56
 2.99 4.468 38585.07
 16.86 4.468 34772.08
 120.89 4.471 88364.48
 122.29 4.471 65793.99
 123.81 4.471 58045.27
 62.19 4.471 44062.65
 83.84 4.471 41978.31
 118.09 4.474 67471.21
 35.96 4.474 45201.21
 123.31 4.474 42799.89
 38.76 4.477 66519.05
 17.76 4.477 35949.45
 3.62 4.481 41273.78
 123.43 4.484 66601.75
 39.4 4.484 65165.04
 35.84 4.484 50352.57
 81.67 4.484 45119.83
 138.71 4.487 67827.48
 122.67 4.487 48431.52
 116.56 4.487 45115.11
 40.55 4.487 42419.03
 119.74 4.487 40741.98
 37.87 4.487 38525.13
 137.57 4.487 34728.32
 139.6 4.491 178340.68
 121.01 4.491 87399
 121.9 4.491 60736.37
 124.2 4.491 38271.08
 83.84 4.491 36141.13
 36.85 4.494 38840.21
 1.97 4.497 35769.98
 117.45 4.497 35077.6
 18.27 4.5 74904.69
 34.94 4.5 42082.54
 118.34 4.5 40747.33
 122.67 4.504 61919.5
 40.55 4.504 55913.01
 37.87 4.504 53088.23
 35.96 4.504 37650.33
 79.89 4.504 36486.15
 39.4 4.504 36473.09
 138.58 4.507 71306.26
 51.37 4.507 56630.48
 49.97 4.507 50998.17
 56.08 4.507 36783.98
 52.64 4.507 35912.62
 139.6 4.51 154969.25
 38.64 4.51 83608.11
 121.78 4.51 60302.92
 119.49 4.51 47115.21
 121.01 4.514 89359.41
 123.56 4.514 85291.54
 120.38 4.514 43428.66
 2.1 4.514 37907.93
 15.97 4.514 35333.17
 118.34 4.517 45322.81
 124.32 4.517 36427.96
 35.84 4.52 64202.61
 83.84 4.52 51326.62
 18.27 4.52 49538.27
 17.76 4.52 48304.52
 36.85 4.52 45128.02
 2.86 4.52 43160.49
 14.57 4.52 36409.96
 139.6 4.523 173408.16
 138.71 4.523 68439.75
 100.51 4.523 62385.52
 37.87 4.523 46457.67
 80.02 4.527 37524.65
 120.89 4.53 89795.51
 39.4 4.53 76612.96
 37.11 4.53 48955.37
 109.17 4.53 43804.97
 117.32 4.53 42968.22
 119.61 4.53 41844.86
 81.67 4.53 34823.22
 121.78 4.533 84210.74
 56.21 4.533 48055.46
 3.62 4.533 38073.93
 38.51 4.537 69954.04
 35.96 4.537 63061.74
 122.8 4.537 57303.9
 34.69 4.537 54106.48
 50.1 4.537 50959.81
 40.55 4.537 50138.25
 139.6 4.54 153297.99
 37.62 4.54 67144.89
 83.2 4.54 49992.74
 137.57 4.54 44057.82
 125.47 4.54 36315.29
 69.96 4.54 34986.92
 118.98 4.543 52483.12
 102.17 4.543 37019.81
 118.21 4.546 80003.15
 120.89 4.546 78152.7
 116.56 4.546 50037.16
 80.02 4.546 42214.1
 123.43 4.55 106206.53
 16.99 4.55 42449.1
 100.39 4.55 40476.85
 124.32 4.55 38840.56
 82.69 4.55 35304.19
 139.6 4.553 169787.61
 38.89 4.553 107800.34
 38 4.553 94968.1
 138.71 4.553 89292.43
 51.37 4.553 79786.48
 48.95 4.553 67889
 40.42 4.553 65713.39
 34.82 4.553 64252.07
 16.1 4.553 56963.66
 119.49 4.553 55770.94
 31 4.553 48772.5
 83.96 4.553 46058.13
 88.29 4.553 45076.17
 42.71 4.553 42695.48
 21.45 4.553 41521.15
 39.27 4.556 105855.1
 49.97 4.556 82975.33
 121.9 4.556 74763.86
 35.96 4.556 70208.73
 18.39 4.556 67504.73
 103.83 4.556 45197
 57.73 4.556 36880.64
 41.57 4.556 36520.79
 122.54 4.56 64844.33
 17.76 4.56 53317.1
 117.32 4.56 43544.33
 3.62 4.56 37024.35
 120.89 4.563 146478.46
 40.42 4.563 101730.92
 119.61 4.566 60804.02
 77.85 4.566 46617.43
 109.05 4.566 41994.96
 55.95 4.566 41882.98
 52.9 4.566 39769.41
 82.82 4.566 37566.49
 139.6 4.569 178480.74
 123.69 4.569 92606.69
 125.47 4.569 53283.54
 34.94 4.569 52755.62
 4.51 4.569 42278.48
 138.71 4.573 86304.56
 40.55 4.573 77994.53
 36.09 4.573 69409.93
 118.47 4.573 63110.49
 122.8 4.573 57010.53
 66.9 4.573 56054.6
 18.14 4.573 46089.54
 51.37 4.576 65739.72
 2.1 4.576 48346.98
 98.99 4.576 37260.96
 86.13 4.576 35241.57
 137.44 4.579 86275.12
 1.46 4.579 62698.74
 2.86 4.579 41030.57
 139.6 4.582 216637.35
 79.63 4.582 62436.64
 14.83 4.582 43178.42
 38.51 4.586 140557.69
 124.2 4.586 76807.31
 100.51 4.586 61565.61
 59.9 4.586 53814.26
 33.42 4.586 45798.52
 115.79 4.586 35964.14
 39.4 4.589 117358.62
 120.89 4.589 116987.03
 121.9 4.589 99613.25
 49.97 4.589 96066.7
 119.74 4.589 90811.19
 99.24 4.589 72832.68
 79.89 4.589 71048.93
 41.57 4.589 69863.89
 35.84 4.589 65254.39
 36.73 4.589 64078.86
 18.01 4.589 57912.72
 55.32 4.589 48920.27
 40.55 4.589 41110.1
 88.67 4.589 40920.12
 80.78 4.589 34758.71
 3.62 4.592 83623.04
 82.69 4.592 70475.16
 122.67 4.592 69805.86
 118.85 4.592 40900.07
 16.99 4.592 40693.52
 123.43 4.592 38708.23
 87.91 4.592 35178.42
 2.22 4.596 48511.56
 125.47 4.599 65233.36
 55.95 4.599 62014.57
 116.56 4.599 51473.53
 4.77 4.599 41649.94
 139.6 4.602 345176.24
 138.58 4.602 199426.35
 48.82 4.602 91647.03
 137.57 4.602 80039.65
 77.6 4.602 72215.12
 52.77 4.602 63840.17
 18.01 4.602 56747.38
 117.45 4.602 55906.52
 15.46 4.602 44201.54
 109.17 4.602 40538.19
 38.64 4.605 130569.39
 39.4 4.605 127855.41
 123.31 4.605 111283.94
 50.1 4.605 107267.26
 51.37 4.605 94575.52
 35.96 4.605 91195.35
 40.55 4.605 86778.78
 34.94 4.605 79482.02
 118.72 4.605 73279.71
 119.74 4.605 72392.34
 30.87 4.605 58401.06
 37.24 4.605 54520.49
 16.23 4.605 46793.71
 42.71 4.605 36907.89
 56.33 4.605 34863.35
 14.57 4.605 34553.05
 121.01 4.609 147151.51
 122.03 4.609 96629.2
 79.89 4.609 82816.65
 80.65 4.609 64714.71
 1.59 4.609 60451.32
 124.32 4.609 59039.57
 52.51 4.609 47257.05
 100.39 4.609 40501.27
 6.04 4.609 40001.33
 79 4.609 37589.07
 81.67 4.612 88148.13
 83.71 4.612 57170.4
 3.75 4.612 52966.96
 89.95 4.612 36369.76
 118.85 4.615 84661.55
 82.69 4.615 80720.54
 1.84 4.615 75000.78
 70.09 4.615 70629.16
 55.57 4.615 66890.51
 2.86 4.615 65716.08
 16.23 4.615 52156.7
 42.33 4.615 44994.6
 5.15 4.615 44492.25
 121.01 4.619 143057.48
 38.64 4.619 121599.42
 40.67 4.619 105737.77
 51.37 4.619 91374.82
 37.75 4.619 80476.16
 122.41 4.619 77125.18
 119.87 4.619 64528.3
 18.01 4.619 61368.64
 115.79 4.619 50811.69
 41.57 4.619 43188.76
 43.98 4.619 42020.46
 137.57 4.619 40780.09
 16.86 4.619 39174.04
 116.68 4.619 38413.28
 12.54 4.619 37699.95
 117.96 4.622 138341.58
 14.57 4.622 66685.38
 52.64 4.622 65008.84
 36.47 4.622 60362.28
 42.84 4.622 50440.79
 33.42 4.622 45846.13
 55.83 4.622 45303.49
 19.03 4.622 41187.07
 56.72 4.622 37260.39
 138.84 4.625 90599.34
 50.22 4.625 88688.19
 88.16 4.625 77751.61
 86.89 4.625 50543.06
 90.2 4.625 49343.78
 4.39 4.625 48888.37
 3.5 4.625 36932.05
 139.6 4.628 221928.5
 40.55 4.628 119891.01
 109.17 4.628 63226.69
 117.32 4.628 47713
 1.46 4.628 44065.53
 39.4 4.632 131656.7
 38.38 4.632 128462.98
 121.78 4.632 128074.51
 118.21 4.632 118025.59
 35.84 4.632 117735.76
 34.69 4.632 112293.84
 122.67 4.632 91493.73
 59.14 4.632 49449.22
 115.92 4.632 43082.86
 21.45 4.632 41321.36
 116.43 4.632 39712.71
 16.1 4.632 36376.55
 120.89 4.635 130799.63
 98.86 4.635 119431.91
 119.61 4.635 102466.26
 123.43 4.635 85266.69
 18.27 4.635 74753.85
 100.39 4.635 57862.56
 14.7 4.635 50398.32
 16.86 4.635 48404.46
 81.67 4.635 46394.31
 139.6 4.642 286602.35
 18.01 4.642 95098.24
 79.89 4.642 93937.17
 137.57 4.642 88383.64
 2.1 4.642 68581.37
 78.87 4.642 62249.72
 82.69 4.642 48784.88
 6.17 4.642 45084.56
 3.62 4.642 41955.53
 125.47 4.642 38484.36
 37.24 4.642 37222.63
 122.03 4.645 160737.35
 138.71 4.645 147650.06
 83.58 4.645 70659.03
 124.2 4.645 61354.73
 118.85 4.645 59708.01
 80.65 4.645 55490.5
 55.83 4.645 47836.39
 88.04 4.645 42881.2
 103.83 4.645 40986.63
 120.89 4.648 195280.83
 122.54 4.648 99575.15
 118.21 4.648 84742.36
 35.84 4.648 83563.51
 81.67 4.648 82138.19
 2.86 4.648 59111.61
 109.05 4.648 53565.5
 52.64 4.648 42978.93
 116.56 4.648 42500.43
 86.13 4.648 35742.11
 88.67 4.648 34564.33
 38.64 4.651 153887.51
 39.4 4.651 128166.08
 18.14 4.651 90955.97
 36.6 4.651 81356.74
 1.59 4.651 71299.98
 86.89 4.651 58075.72
 117.32 4.651 44552.01
 42.84 4.651 39670.16
 5.28 4.651 35461.86
 121.78 4.655 155224.43
 123.56 4.655 148107.66
 40.55 4.655 146488.97
 51.37 4.655 128052.74
 37.87 4.655 120469.72
 125.6 4.655 47012.15
 77.6 4.655 44975.69
 16.86 4.655 39874.12
 57.73 4.655 38114.43
 139.6 4.658 341365
 122.67 4.658 140583.51
 50.1 4.658 130446.48
 34.94 4.658 96187.92
 104.08 4.658 49512.57
 41.57 4.658 47661.99
 15.34 4.658 40358.42
 98.73 4.661 7268115
 138.71 4.661 132203.3
 119.61 4.661 110231.23
 109.05 4.661 100732.9
 3.62 4.661 81581.46
 18.14 4.661 78900.83
 137.57 4.661 73504.87
 81.67 4.661 52175.15
 89.06 4.661 44750.69
 46.91 4.661 43741.03
 80.78 4.661 35216.43
 76.96 4.665 298330.58
 99.75 4.665 245411.42
 120.89 4.665 182502.1
 35.84 4.665 135558.75
 55.83 4.665 83435.34
 118.34 4.665 80831.5
 2.1 4.665 77116.39
 82.56 4.665 68956.27
 79.89 4.665 56006.7
 83.84 4.665 53712.09
 59.01 4.665 52282.71
 55.44 4.665 46212.3
 14.57 4.665 45955.3
 101.28 4.665 45396.38
 73.78 4.665 37597.79
 100.51 4.668 183536.97
 16.23 4.668 90442.98
 52.64 4.668 59798.32
 4.39 4.671 50999.15
 16.99 4.671 47521.55
 59.77 4.671 46250.2
 70.09 4.671 43751.78
 102.04 4.671 40634.07
 21.32 4.671 35517.7
 6.17 4.674 57051.56
 139.6 4.678 439488.24
 120.89 4.678 207979.71
 138.58 4.678 169724.64
 79.89 4.678 127083.98
 123.69 4.678 119358.55
 118.34 4.678 109801.66
 40.55 4.678 102423.06
 137.57 4.678 97386.01
 1.59 4.678 94507.92
 119.61 4.678 93177.46
 117.32 4.678 67518.65
 115.79 4.678 62282.79
 104.08 4.678 43596.13
 14.57 4.678 43568.56
 116.56 4.678 43003.48
 47.04 4.678 37717.91
 109.05 4.681 134554.45
 2.1 4.681 116827.95
 2.99 4.681 74037.78
 5.15 4.681 50947.66
 57.61 4.681 45770.55
 87.02 4.681 42062.44
 79 4.681 39546.13
 18.01 4.684 209647.85
 36.85 4.684 120341.94
 51.5 4.684 104497.17
 83.58 4.684 93737.42
 3.62 4.684 85763.45
 82.82 4.684 79653.46
 88.67 4.684 75812.58
 33.42 4.684 75714.06
 41.57 4.684 73275.9
 55.95 4.684 72129.73
 19.03 4.684 68872
 125.47 4.684 66447.48
 104.97 4.684 64363.35
 21.32 4.684 63315.21
 88.04 4.684 57800.9
 4.51 4.684 45181.29
 42.71 4.684 45080.83
 75.56 4.684 41089
 59.01 4.684 39030.05
 77.6 4.684 35449.82
 50.1 4.688 162319.52
 80.65 4.688 80123.83
 10.88 4.688 75142.2
 59.9 4.688 75077.55
 39.27 4.691 264475.75
 123.56 4.691 215461.84
 122.67 4.691 174789.02
 34.82 4.691 158174.71
 109.17 4.691 127436.43
 81.67 4.691 121910.38
 88.93 4.691 91556.54
 115.79 4.691 74741
 125.72 4.691 69554.49
 15.46 4.691 56597.24
 103.83 4.691 53201.44
 120.89 4.694 237491.11
 121.78 4.694 221878.09
 138.71 4.694 189201.4
 99.37 4.694 118665.52
 118.21 4.694 114936.18
 116.56 4.694 109384.81
 117.32 4.694 102687.62
 119.74 4.694 102609.38
 118.72 4.694 93300.14
 86.13 4.694 44906.52
 40.55 4.697 199766.95
 52.64 4.697 147543.03
 48.7 4.697 89760.49
 77.47 4.697 84863.62
 14.57 4.697 84213.14
 90.07 4.697 64834.02
 125.47 4.697 59504.32
 106.24 4.697 47299.97
 76.58 4.697 39109.92
 3.62 4.701 135239.19
 16.23 4.701 124116.15
 21.45 4.701 111158.32
 83.58 4.701 110584.96
 59.14 4.701 85521.01
 79.76 4.701 85468.64
 4.39 4.701 73998.53
 100.39 4.701 68858.06
 6.17 4.701 62899.46
 42.84 4.701 56179.75
 1.46 4.701 54759.18
 58.63 4.701 46526.47
 2.86 4.701 43851.46
 35.84 4.704 266965.01
 36.73 4.704 140372.28
 5.28 4.704 101932.76
 55.95 4.704 77606.35
 61.43 4.704 55998.28
 16.86 4.704 55730.74
 139.6 4.707 628210.74
 120.89 4.707 277390.71
 39.4 4.707 239270.21
 138.71 4.707 222907.12
 38.51 4.707 220194.65
 118.21 4.707 215382.61
 119.61 4.707 179619.75
 122.67 4.707 170115.21
 137.44 4.707 136707.57
 18.14 4.707 125050.42
 49.97 4.707 117170.17
 77.72 4.707 104324.48
 41.44 4.707 95932.75
 62.32 4.707 92067.56
 86.13 4.707 87728.53
 2.1 4.707 84847.02
 81.67 4.707 78940.5
 79 4.707 61952.54
 90.71 4.707 56734.3
 8.46 4.707 54020.32
 86.89 4.707 53265.37
 12.66 4.707 40983.05
 88.04 4.707 40939.24
 136.67 4.707 39839.48
 80.65 4.707 37942.81
 37.75 4.711 185956.6
 109.05 4.711 149655.91
 82.69 4.711 124884.08
 117.32 4.711 116001.15
 115.92 4.711 72909.91
 15.46 4.711 71805.18
 73.78 4.711 60950.37
 62.83 4.711 49238.87
 100.39 4.714 163563.27
 2.86 4.714 134300.01
 88.8 4.714 128133.68
 3.75 4.714 89096.64
 103.95 4.714 87391.7
 77.6 4.714 79981.65
 59.9 4.714 76308.72
 64.23 4.714 74766.32
 78.23 4.714 38485.82
 123.56 4.717 392948.97
 51.37 4.717 265416.6
 18.27 4.717 203994.36
 83.84 4.717 179111.16
 4.64 4.717 150162.91
 6.17 4.717 127895.86
 90.07 4.717 120579.25
 17.63 4.717 96909.15
 55.44 4.717 66822.98
 75.31 4.717 61946.53
 33.54 4.717 51282.43
 139.6 4.72 963854.84
 121.9 4.72 336940.2
 120.89 4.72 336557.28
 138.58 4.72 287712.26
 38.51 4.72 254810.5
 122.67 4.72 229745.91
 37.87 4.72 228639.97
 118.34 4.72 225328.34
 125.6 4.72 212006.1
 81.67 4.72 205128.33
 41.57 4.72 193836.4
 1.97 4.72 160098.89
 21.58 4.72 155402.2
 80.65 4.72 149282.04
 46.91 4.72 116393.89
 19.03 4.72 104943.81
 126.87 4.72 103178.67
 0.95 4.72 102204.4
 126.11 4.72 102056.07
 73.9 4.72 82693.23
 124.45 4.72 82681.81
 15.46 4.72 74469.72
 11.01 4.72 72292.26
 11.52 4.72 67747.27
 86.25 4.72 60290.05
 53.02 4.72 44076.72
 123.81 4.724 356618.64
 70.09 4.724 270543.47
 36.73 4.724 247701.49
 42.97 4.724 230292.59
 44.11 4.724 220319.3
 55.95 4.724 210016.98
 52.51 4.724 197758.39
 75.56 4.724 189757.5
 89.18 4.724 181622.52
 12.66 4.724 179877.39
 35.84 4.724 179193.04
 104.97 4.724 149452.62
 61.43 4.724 143129.4
 3.24 4.724 135501.97
 65.88 4.724 121341.91
 20.17 4.724 120825.06
 62.32 4.724 73095.88
 63.08 4.724 58516.81
 122.41 4.727 615229.1
 40.55 4.727 444328.31
 79.76 4.727 347065.2
 34.82 4.727 322321.33
 137.57 4.727 284775.85
 127.13 4.727 237688.16
 64.36 4.727 184041.98
 99.5 4.727 140708.63
 77.6 4.727 116236.93
 4.39 4.727 114400.39
 45.38 4.727 112807.02
 104.08 4.727 100752.62
 48.7 4.727 99619.48
 78.87 4.727 75927.3
 68.3 4.727 49743.93
 36.98 4.73 403934.38
 116.18 4.73 280565.25
 8.46 4.73 197390.6
 86.89 4.73 195547.81
 74.29 4.73 118512.4
 40.8 4.734 613825.13
 49.97 4.734 490324.43
 57.61 4.734 394059.13
 56.33 4.734 392709.82
 109.17 4.734 321798.79
 16.36 4.734 301602.41
 59.14 4.734 249339.22
 14.57 4.734 208122.25
 88.04 4.734 201190.15
 80.65 4.734 200187.5
 76.58 4.734 156881.81
 22.08 4.734 147990.68
 44.24 4.734 106852.92
 49.08 4.734 56943.77
 139.6 4.737 2213097.29
 39.27 4.737 642670.49
 38.38 4.737 572252.03
 122.8 4.737 511923.11
 52.64 4.737 504121.36
 82.82 4.737 412386.61
 81.67 4.737 373511.07
 119.61 4.737 340228.17
 137.44 4.737 270525.28
 1.97 4.737 242608.95
 5.28 4.737 232552.8
 20.94 4.737 226376.81
 12.79 4.737 175224.51
 51.37 4.737 149331.88
 86 4.737 146298.66
 19.03 4.737 104304.41
 55.57 4.737 102376.16
 73.65 4.737 80488.15
 45.89 4.737 74137.77
 135.27 4.737 69881.5
 138.71 4.74 1218582.44
 120.89 4.74 781454.47
 35.84 4.74 718370.08
 100.39 4.74 392818.91
 88.29 4.74 368871.82
 62.32 4.74 320684.64
 83.84 4.74 256444.01
 127.51 4.74 255524.29
 77.6 4.74 205270.81
 117.45 4.74 184260.81
 99.37 4.74 134607.64
 71.36 4.74 127433.53
 126.49 4.74 104137.84
 59.77 4.74 82249.47
 109.17 4.743 910625.81
 21.19 4.743 645966.71
 16.61 4.743 460489.48
 116.56 4.743 371524.99
 90.07 4.743 332875.59
 15.34 4.743 321240.21
 106.12 4.743 255339.86
 125.6 4.743 238677.63
 105.23 4.743 236609.78
 43.09 4.743 208668.68
 125.22 4.743 207652.16
 104.08 4.743 174273.98
 64.23 4.743 128234.75
 76.07 4.743 99051.65
 108.28 4.743 91457.48
 6.17 4.743 70708.6
 120.76 4.747 1506751.85
 118.47 4.747 1184919
 86.13 4.747 741389.69
 3.62 4.747 697161.03
 79 4.747 406560.22
 137.44 4.747 399346.6
 117.19 4.747 266476.26
 61.43 4.747 256551.13
 101.28 4.747 243014.56
 99.62 4.747 203507.27
 133.62 4.747 168075.01
 56.21 4.747 144530.16
 75.56 4.747 41485.36
 18.14 4.75 1393342.75
 122.54 4.75 1282215.97
 80.02 4.75 1241811.13
 8.46 4.75 880237.5
 15.59 4.75 875073.9
 57.48 4.75 801716.25
 49.97 4.75 712165.89
 62.45 4.75 696277.25
 34.94 4.75 642375.26
 12.92 4.75 623595.34
 45.51 4.75 571350.24
 33.42 4.75 534014.94
 28.45 4.75 427697.31
 73.65 4.75 401230.61
 76.45 4.75 388554.72
 122.03 4.75 381518.78
 74.41 4.75 354299.09
 11.52 4.75 236843.32
 139.6 4.753 10820971
 121.01 4.753 3016972.75
 138.84 4.753 2816632.76
 109.55 4.753 1939051.5
 35.96 4.753 1893431.1
 41.06 4.753 1747709.53
 38.51 4.753 1690083.71
 4.9 4.753 1587366.38
 1.97 4.753 1388497.95
 36.85 4.753 1364139.48
 89.06 4.753 1358131.09
 86.38 4.753 1186934.38
 137.82 4.753 1007300.17
 51.37 4.753 999555.06
 119.61 4.753 946602.67
 83.96 4.753 740422.71
 37.75 4.753 739730.5
 80.78 4.753 682669.68
 13.55 4.753 668620.81
 71.36 4.753 522821.61
 88.16 4.753 499192.27
 47.17 4.753 454463.78
 65.37 4.753 412700.19
 108.66 4.753 275500.88
 65.88 4.753 103107.91
 102.68 4.753 102719.11
 39.66 4.756 3235349.79
 82.05 4.756 2937737.5
 41.82 4.756 2386205.93
 122.92 4.756 2335093.48
 86.76 4.756 2167182.75
 126.11 4.756 2165434.03
 57.73 4.756 2105738
 8.84 4.756 2079803.88
 53.15 4.756 1955867.25
 76.96 4.756 1733536.63
 62.96 4.756 1705961.63
 50.22 4.756 1606601.88
 44.24 4.756 1542300.14
 18.52 4.756 1449410.5
 56.72 4.756 905636.01
 68.43 4.756 859440.25
 106.24 4.756 781499.27
 54.42 4.756 616556.52
 20.3 4.756 589385.88
 103.06 4.756 378422.36
 102.17 4.756 341967.46
 61.68 4.756 316762.72
 19.03 4.756 306611.37
 92.11 4.756 117876.58
 139.86 4.76 28525658
 124.2 4.76 5078688.45
 121.4 4.76 2469211.5
 58.12 4.76 2359145.5
 38.76 4.76 1895337.69
 17.12 4.76 1851052.63
 90.2 4.76 1361675.54
 21.45 4.76 1353828.82
 47.55 4.76 1297239
 84.47 4.76 1236338.21
 6.17 4.76 1189669.01
 104.08 4.76 951703.38
 22.34 4.76 902283.65
 43.6 4.76 810556.29
 30.11 4.76 797180.26
 95.55 4.76 731115.13
 2.99 4.76 577213.14
 74.54 4.76 565887.38
 59.26 4.76 433032.26
 94.02 4.76 345710.16
 9.48 4.76 165779.27
 53.66 4.763 3218476.25
 126.49 4.763 3042786.54
 46.15 4.763 2786715.56
 127.13 4.763 2640141.92
 63.21 4.763 2559490
 2.48 4.763 2270034.54
 125.34 4.763 2166054.28
 3.75 4.763 2067853.14
 44.49 4.763 2031899.81
 100.51 4.763 2007506.5
 91.09 4.763 1907480.93
 87.15 4.763 1663804
 77.47 4.763 1507191.38
 19.28 4.763 1499673
 66.39 4.763 1277328.5
 23.74 4.763 1236090.53
 108.92 4.763 1217188.51
 5.53 4.763 1125405.08
 64.48 4.763 993467.75
 68.68 4.763 811364.19
 121.9 4.763 758230.15
 83.58 4.763 434123.17
 7.57 4.763 363610.65
 131.58 4.766 6553689.5
 124.83 4.766 5236078.64
 129.54 4.766 4385704.25
 132.85 4.766 3384075.83
 42.97 4.766 3127529.87
 127.51 4.766 3124667.32
 93 4.766 2787172.25
 128.53 4.766 2693207.78
 134 4.766 2364944
 111.85 4.766 2297209.75
 60.03 4.766 1966918.06
 6.42 4.766 1817142.13
 20.81 4.766 1807696
 118.85 4.766 1628039.31
 29.21 4.766 1422608.5
 94.53 4.766 1417061.75
 74.8 4.766 1328955
 67.28 4.766 1310321.71
 106.88 4.766 1296704.63
 9.86 4.766 1287669.44
 51.88 4.766 1259292.25
 91.35 4.766 1186495.57
 98.22 4.766 667472.93
 60.79 4.766 154308.6
 0.19 4.77 38013340
 30.62 4.77 6145868.5
 1.2 4.77 3660300.8
 25.14 4.77 2969665.46
 45 4.77 2387448.89
 3.37 4.77 1814515.35
 31.51 4.77 1802509.78
 62.06 4.77 1752672
 63.85 4.77 1640882.07
 99.24 4.77 1430836.63
 71.99 4.77 1385152.13
 22.98 4.77 1334747.88
 48.31 4.77 1330591.77
 68.94 4.77 1270218.51
 7.82 4.77 1235169.01
 64.74 4.77 787995.1
 120 4.77 731939.75
 122.16 4.77 673925.44
 96.57 4.77 633164.69
 83.33 4.77 373611.98
 48.82 4.77 350182.24
 6.68 4.773 3076188.25
 82.82 4.773 2276227
 66.65 4.773 2222077.25
 52.13 4.773 1785130.63
 31.89 4.773 1499560
 67.54 4.773 1292993.5
 69.58 4.773 1278285.25
 107.9 4.773 1241921.63
 110.32 4.773 1218456.75
 75.05 4.773 1217840
 117.32 4.773 1145537.33
 112.74 4.773 1035492.5
 85.62 4.773 896702.11
 27.69 4.773 876770.48
 28.83 4.773 841231.42
 116.56 4.773 729099.76
 61.17 4.773 575035.21
 118.21 4.773 516483.36
 34.05 4.773 499984.47
 115.79 4.773 484125.61
 103.32 4.773 471045.01
 32.65 4.773 458008.98
 114.39 4.773 414224.56
 14.45 4.773 393031.52
 5.15 4.773 371171.76
 26.16 4.776 2744626.03
 24.38 4.776 2124108.27
 1.84 4.776 1525407.03
 78.74 4.776 1517465.57
 99.62 4.776 1420202.75
 22.08 4.776 1418493.63
 72.38 4.776 1329296.38
 27.3 4.776 1221855.54
 58.75 4.776 1172020.28
 96.06 4.776 1152545.5
 43.98 4.776 1139923.54
 120.25 4.776 867142.88
 17.76 4.776 832571.37
 94.91 4.776 819036.38
 92.11 4.776 586705.26
 101.79 4.776 517080.91
 98.73 4.776 354738.76
 34.94 4.776 311618.47
 29.85 4.779 2412584.25
 57.23 4.779 2028553.25
 73.4 4.779 1783128.25
 64.86 4.779 1706380.82
 85.11 4.779 1623084.93
 32.14 4.779 1509768.15
 70.59 4.779 1400977
 8.21 4.779 1386911.78
 33.16 4.779 1299916.38
 83.96 4.779 1226986.84
 79.63 4.779 1211890.72
 28.32 4.779 1181544
 77.98 4.779 1114965.55
 97.59 4.779 1096379.13
 23.74 4.779 1028866.56
 81.29 4.779 974732.63
 76.32 4.779 953916.25
 54.68 4.779 950057.44
 133.36 4.779 845508.4
 122.41 4.779 723251.56
 112.1 4.779 687832.09
 34.31 4.779 624238.06
 87.91 4.779 580943.91
 19.67 4.779 578180.05
 132.09 4.779 525649.47
 10.5 4.779 475684.75
 113.63 4.779 438707.71
 47.93 4.779 420378.98
 119.61 4.779 383935.85
 4.9 4.779 271454.56
 107.64 4.779 245143.7
 102.42 4.779 193086.96
 95.17 4.783 1930797.63
 125.72 4.783 1644722.28
 81.8 4.783 1523341.6
 109.68 4.783 1315253
 62.57 4.783 1259974
 50.73 4.783 1092188
 130.05 4.783 1071082.67
 97.2 4.783 1013451.35
 136.8 4.783 917947.57
 43.47 4.783 827822.27
 54.3 4.783 820985.5
 68.05 4.783 795105.25
 101.15 4.783 681060.63
 124.96 4.783 625193.18
 41.95 4.783 549554.78
 65.63 4.783 537265.05
 52.51 4.783 533691.25
 56.59 4.783 508850.86
 80.4 4.783 417299.68
 93.51 4.783 359720.46
 126.36 4.783 349014.99
 134.64 4.783 327750.28
 121.01 4.783 227834.32
 130.56 4.783 224439.33
 129.03 4.783 215815.84
 47.17 4.786 1768677.88
 8.59 4.786 1739279.25
 86.38 4.786 1673111.38
 29.6 4.786 1401747.13
 124.07 4.786 1279356
 76.58 4.786 1115544.25
 57.61 4.786 1044185.61
 53.15 4.786 911950.81
 13.55 4.786 801143.81
 66.01 4.786 745888.97
 122.67 4.786 656532.83
 11.77 4.786 537559.25
 119.36 4.786 494806.59
 132.35 4.786 454123.96
 137.57 4.786 390947.85
 76.07 4.786 388390.41
 4.13 4.786 130180.05
 102.17 4.786 60433.48
 29.21 4.789 1445432.26
 110.83 4.789 1299410.63
 16.48 4.789 1108413.99
 15.59 4.789 988508.09
 72.76 4.789 899953.14
 67.03 4.789 686557.38
 7.32 4.789 571477.69
 130.82 4.789 440602.06
 45.64 4.789 418549.06
 111.21 4.789 392038.66
 94.15 4.789 300399.01
 105.99 4.789 191791.3
 108.41 4.789 146839.16
 53.41 4.793 1259107.63
 63.34 4.793 1178119.75
 92.62 4.793 1112302.53
 124.32 4.793 969909.45
 57.86 4.793 929393.54
 66.27 4.793 877107.16
 18.77 4.793 750692.56
 71.74 4.793 557526.38
 104.59 4.793 515789.68
 55.83 4.793 500995.33
 123.31 4.793 460205.58
 17.12 4.793 430958.36
 73.9 4.793 371053.66
 83.33 4.793 364157.16
 2.22 4.793 309291.44
 96.31 4.793 206941.42
 20.81 4.793 205011.41
 103.06 4.793 180390.96
 126.49 4.796 828663.48
 128.02 4.796 800160.54
 22.34 4.796 775992.1
 25.01 4.796 721324.29
 131.07 4.796 716049.92
 124.83 4.796 702800.07
 31.51 4.796 615513.61
 59.64 4.796 574674.25
 111.46 4.796 520324.12
 44.75 4.796 492834.58
 128.78 4.796 488132
 105.35 4.796 467212.71
 77.22 4.796 450869.66
 103.83 4.796 392596.06
 87.4 4.796 329388.57
 132.6 4.796 266430.77
 58.75 4.796 236445.3
 9.61 4.796 215991.72
 3.37 4.796 188340.81
 74.8 4.796 182951.89
 54.81 4.796 167205.92
 30.23 4.799 989193.22
 19.54 4.799 839950.07
 26.29 4.799 791466.75
 20.43 4.799 730308.79
 60.28 4.799 538664.38
 127.13 4.799 483550.92
 89.44 4.799 439684.55
 106.75 4.799 432154.47
 131.58 4.799 311250.65
 32.27 4.799 290808.1
 85.62 4.799 231168.85
 61.81 4.799 195366.68
 42.84 4.799 172737.49
 41.31 4.799 116894.88
 137.95 4.799 116464.32
 139.35 4.802 915231.69
 66.52 4.802 826773.32
 67.41 4.802 628363.89
 64.86 4.802 616362.93
 23.99 4.802 611666.55
 26.92 4.802 448786.67
 27.81 4.802 425295.18
 61.05 4.802 408453.94
 6.68 4.802 401676.67
 129.42 4.802 370991.25
 75.05 4.802 349195.05
 21.83 4.802 294735.11
 42.2 4.802 281906.66
 134.13 4.802 148904.49
 25.4 4.806 862514.25
 23.23 4.806 466815.87
 29.34 4.806 429288.59
 113.5 4.806 337631.65
 73.01 4.806 333081.78
 84.22 4.806 312050.24
 43.47 4.806 301600.19
 70.72 4.806 169708.15
 98.61 4.806 145696.92
 7.82 4.806 95207.83
 133.24 4.806 94248.09
 130.31 4.809 439652.1
 109.68 4.809 388169.61
 56.97 4.809 296420.34
 97.46 4.809 269502.18
 107.52 4.809 259558.16
 85.11 4.809 232518.44
 69.19 4.809 229745.9
 127 4.809 227238.82
 115.16 4.809 218467.52
 86.64 4.809 94690.37
 5.79 4.809 86071.14
 33.16 4.809 61889.88
 58.75 4.809 50357.66
 17.12 4.809 40732.56
 112.23 4.812 469212.64
 95.29 4.812 423178.6
 110.96 4.812 404762.03
 93.51 4.812 374312.98
 132.73 4.812 357117.11
 128.02 4.812 281374.12
 68.3 4.812 224590.78
 90.46 4.812 217281.03
 97.2 4.812 206293.65
 136.55 4.812 174734.83
 77.98 4.812 169169.16
 62.7 4.812 144024.4
 108.41 4.812 88306.89
 87.4 4.816 368636.6
 23.99 4.816 346978.78
 29.34 4.816 341461.85
 63.59 4.816 316538.31
 129.67 4.816 284921.08
 91.86 4.816 271644.72
 115.03 4.816 242239.66
 73.01 4.816 237898.71
 27.81 4.816 221940.85
 20.68 4.816 201455.04
 105.74 4.816 184325.38
 89.57 4.816 174904.69
 47.42 4.816 172970.08
 67.28 4.816 170170.25
 13.55 4.816 162503.88
 91.22 4.816 162145.69
 104.72 4.816 156984.19
 94.15 4.816 147398.33
 96.31 4.816 128248.9
 28.58 4.816 108766.33
 26.92 4.819 481068.9
 92.62 4.819 459840.15
 31.51 4.819 400336.06
 131.84 4.819 352054.92
 110.7 4.819 287539.25
 24.89 4.819 275908.89
 7.95 4.819 267588.1
 44.88 4.819 249206.68
 75.94 4.819 153060.99
 136.04 4.819 143447.75
 106.88 4.819 135529.39
 46.53 4.819 121333.51
 9.99 4.819 100689.09
 83.58 4.819 49030.91
 134.26 4.822 206066.22
 60.41 4.822 194075.72
 43.22 4.822 185300.74
 14.95 4.822 122432.07
 128.78 4.822 96313.17
 61.17 4.822 75504.76
 44.24 4.822 55900.89
 34.05 4.822 37166
 32.27 4.825 339702.99
 67.92 4.825 190770.17
 71.87 4.825 165427.12
 16.36 4.825 163231.16
 6.81 4.825 145843.38
 101.02 4.825 134580.59
 20.43 4.825 131348.46
 74.03 4.825 96661.61
 113.5 4.825 88113.09
 30.11 4.825 39464.02
 17.37 4.825 38947.46
 19.54 4.829 135666.56
 75.18 4.829 135653.4
 85.75 4.829 59752.13
 15.72 4.829 53893.56
 12.92 4.829 40713.31
 83.33 4.829 34716.58
 26.29 4.832 257348.93
 66.65 4.832 216444.66
 67.54 4.832 211111.35
 70.72 4.832 170167.01
 133.36 4.832 123910.74
 89.57 4.832 115826.88
 72.76 4.832 112310.98
 43.22 4.832 105107.41
 22.59 4.832 97730.66
 81.29 4.832 94969.85
 93.51 4.835 370988.43
 73.52 4.835 318801.91
 76.45 4.835 261082.13
 27.05 4.835 251452.88
 84.35 4.835 222342.21
 97.46 4.835 205835.19
 27.81 4.835 169299.39
 85.11 4.835 152570.16
 80.14 4.835 142585.67
 57.23 4.835 136058.34
 124.71 4.835 94758.71
 18.01 4.835 93490.37
 122.8 4.835 63868.66
 8.46 4.835 57936.79
 137.18 4.835 56063.06
 77.98 4.835 50175.82
 130.56 4.839 356679.2
 64.99 4.839 323191.14
 109.68 4.839 291531.86
 137.82 4.839 273539.55
 25.52 4.839 258665.96
 125.98 4.839 245004.25
 67.28 4.839 209732.22
 20.43 4.839 201316.84
 23.36 4.839 185892.5
 23.99 4.839 164019.71
 124.45 4.839 158482.97
 43.47 4.839 136863.08
 44.24 4.839 128722.04
 15.59 4.839 122953.91
 132.35 4.839 119961.71
 112.36 4.839 118953.39
 21.83 4.839 114997.02
 101.15 4.839 111367.4
 32.27 4.839 103585.55
 136.42 4.839 91060.29
 115.03 4.839 81218.26
 127.13 4.839 69166.65
 15.08 4.839 65435.18
 98.48 4.839 62141.42
 102.93 4.839 61100.17
 81.93 4.839 49429.34
 113.5 4.839 37589.94
 110.96 4.842 471206.72
 73.9 4.842 383616.55
 86.51 4.842 341493.91
 16.74 4.842 315411.39
 68.18 4.842 271545.18
 95.29 4.842 260530.18
 8.84 4.842 259494.13
 62.7 4.842 213719.72
 76.96 4.842 212113.75
 128.02 4.842 185795.89
 74.41 4.842 153216.89
 91.86 4.842 135569.34
 57.73 4.842 91323.08
 134.26 4.842 76623.46
 131.07 4.845 421646.35
 66.14 4.845 397092.22
 28.71 4.845 374808.76
 92.62 4.845 327702.17
 44.49 4.845 254154.83
 13.55 4.845 243336.85
 67.16 4.845 237628.11
 71.74 4.845 220318.56
 128.91 4.845 208884.51
 47.42 4.845 168928.38
 31.51 4.845 163580.74
 2.35 4.845 134707.09
 105.35 4.845 124223.75
 108.41 4.845 122360.67
 123.05 4.845 120898.61
 89.57 4.845 111240.62
 60.54 4.845 105028.83
 103.7 4.845 84780.91
 87.4 4.845 72440.62
 72.76 4.845 49749.63
 18.9 4.848 444075.57
 20.56 4.848 393781.58
 109.94 4.848 383060.28
 53.41 4.848 382205.82
 29.21 4.848 370344.06
 24.76 4.848 309042.76
 26.41 4.848 281577.3
 68.43 4.848 269573.53
 57.99 4.848 248627.39
 63.46 4.848 236625.41
 82.18 4.848 220341.15
 15.72 4.848 194138.57
 126.36 4.848 179389.66
 69.19 4.848 175709.4
 111.46 4.848 141639.35
 88.42 4.848 119903.89
 9.73 4.848 112262.95
 115.41 4.848 78052.05
 3.37 4.848 75547.75
 98.73 4.848 38625.41
 30.23 4.852 757024.57
 66.39 4.852 441693.59
 124.58 4.852 390097.07
 137.95 4.852 372054.41
 106.63 4.852 340472.04
 17.12 4.852 278205.88
 75.05 4.852 159814.83
 113.63 4.852 143157.38
 50.86 4.852 125197.28
 60.28 4.852 117932.82
 96.31 4.852 110654.65
 60.92 4.852 103494.88
 7.7 4.852 50938.49
 78.23 4.852 50565
 85.24 4.852 40101.71
 139.48 4.855 1284808.03
 138.71 4.855 362615.4
 23.99 4.855 325606.44
 107.64 4.855 297239.49
 25.65 4.855 277694.2
 21.83 4.855 201008.64
 112.36 4.855 166713.1
 56.84 4.855 144933.02
 127.25 4.855 143992.35
 136.42 4.855 139660.19
 42.07 4.855 138949.22
 103.95 4.855 128078.13
 104.72 4.855 75872.29
 6.68 4.855 73671.29
 73.01 4.855 39315.4
 22.59 4.858 463028.35
 25.27 4.858 399372.41
 53.66 4.858 378772.69
 23.36 4.858 350401.38
 19.54 4.858 323909.51
 110.96 4.858 274920.86
 67.28 4.858 273234.7
 95.55 4.858 187373.79
 16.61 4.858 144681.99
 101.53 4.858 130619.8
 130.44 4.858 129019.06
 68.3 4.858 126440.66
 47.55 4.858 88595.2
 123.69 4.858 80976.67
 102.42 4.858 53401.04
 87.4 4.862 513819.84
 108.66 4.862 497470.41
 105.48 4.862 465633.64
 92.75 4.862 446339.39
 125.09 4.862 367684.25
 58.12 4.862 307930.74
 86.76 4.862 219868
 129.8 4.862 216253.32
 94.02 4.862 207371.37
 90.33 4.862 191206.58
 45.77 4.862 149309.95
 29.34 4.862 141912.46
 77.09 4.862 131533.48
 46.28 4.862 115928.39
 74.16 4.862 106446.5
 4.51 4.862 98322.94
 91.86 4.862 51267.92
 65.25 4.862 40642.46
 131.33 4.865 446542.25
 75.43 4.865 366095.84
 60.41 4.865 343369.68
 106.88 4.865 340474.23
 128.91 4.865 329461.13
 44.75 4.865 310704.57
 89.69 4.865 302555.19
 9.99 4.865 261652.61
 126.74 4.865 205783.3
 71.87 4.865 194125.65
 63.46 4.865 150631.36
 3.75 4.865 146228.8
 5.91 4.865 103411.56
 2.48 4.865 100681.15
 59.26 4.865 82471
 30.49 4.868 904077.92
 26.67 4.868 550941.59
 129.29 4.868 461932.11
 20.68 4.868 367406.87
 128.14 4.868 330066.55
 42.58 4.868 324678.29
 7.7 4.868 318075.74
 31.63 4.868 269553.52
 90.71 4.868 267041.53
 77.47 4.868 245414.69
 61.17 4.868 187731.06
 84.35 4.868 173999.43
 98.99 4.868 170048
 88.42 4.868 162958.73
 96.44 4.868 144508.93
 82.44 4.868 122157.6
 101.79 4.868 116842.64
 14.19 4.868 114089.95
 5.41 4.868 58127.4
 139.73 4.871 3136840.93
 6.81 4.871 532718.95
 66.65 4.871 433901.09
 107.9 4.871 413040.56
 127.51 4.871 390754
 131.84 4.871 372785.06
 132.73 4.871 368415.88
 32.53 4.871 358564.04
 69.58 4.871 332671.36
 110.19 4.871 305457.5
 85.49 4.871 295798.13
 61.94 4.871 287492.76
 78.49 4.871 278478.38
 111.72 4.871 278102.97
 63.85 4.871 276692.11
 43.73 4.871 212399.65
 138.2 4.871 110774.33
 68.68 4.871 101070.96
 52.01 4.871 78027.27
 25.65 4.875 466184.86
 27.94 4.875 437774.99
 24.12 4.875 435037.05
 114.01 4.875 301951.75
 67.54 4.875 297100.03
 112.61 4.875 289071.72
 91.35 4.875 234224.95
 134.26 4.875 194459.63
 4.77 4.875 172349.42
 133.49 4.875 163111.83
 46.66 4.875 156705.82
 70.85 4.875 86895.07
 97.84 4.875 58445.98
 137.06 4.875 55159.54
 109.05 4.878 480852.72
 8.08 4.878 412863.55
 133.11 4.878 351506.6
 23.49 4.878 217931.71
 57.1 4.878 212208.82
 76.07 4.878 186823
 64.86 4.878 171784.61
 70.21 4.878 166711.35
 73.27 4.878 149017.16
 97.46 4.878 147845.51
 81.29 4.878 147265.81
 21.83 4.878 130216.76
 91.98 4.878 124930.85
 115.41 4.878 121683.06
 31.89 4.878 97698.65
 134.89 4.878 96692.91
 80.14 4.878 56190.01
 54.42 4.878 44534.69
 102.55 4.878 44255.32
 9.23 4.878 43338.54
 29.6 4.881 266825.5
 125.47 4.881 220740.02
 93.26 4.881 203960.62
 10.5 4.881 202956.67
 130.56 4.881 183273.69
 95.93 4.881 170372.99
 72.25 4.881 110673.65
 33.16 4.881 104569.35
 28.71 4.881 104436.09
 43.47 4.881 104051.58
 107.39 4.881 100852.24
 19.67 4.881 59322.9
 40.93 4.881 58622.22
 129.93 4.885 261674.06
 94.91 4.885 150631.98
 110.96 4.885 145135.23
 105.74 4.885 97085.35
 54.17 4.885 91316.71
 62.45 4.885 89412.23
 129.03 4.885 78443.74
 47.8 4.885 74192.08
 8.97 4.885 66241.18
 113.37 4.885 43200.51
 136.42 4.885 36610.39
 108.28 4.888 172660.99
 91.98 4.888 141769.11
 93 4.888 124013.46
 134.38 4.888 114961.36
 20.94 4.888 81768.61
 136.04 4.888 76379.96
 45.64 4.888 73028.09
 63.85 4.888 45952.63
 94.02 4.891 107345.52
 114.14 4.891 103081.58
 6.93 4.891 96788.78
 67.67 4.891 82641.2
 64.86 4.891 81797.07
 132.85 4.891 62218.74
 66.65 4.891 61274.39
 43.98 4.891 60723.93
 70.98 4.891 56708.22
 70.47 4.891 54476.91
 135.02 4.891 44192.49
 45.13 4.891 37153.4
 30.74 4.894 136131.86
 112.61 4.894 95179.83
 29.6 4.894 94521.68
 106.88 4.894 80874.02
 96.06 4.894 80129.73
 128.02 4.894 78210.66
 88.67 4.894 76171.81
 111.85 4.894 75073.72
 22.72 4.894 69569.99
 68.56 4.894 57078.19
 110.19 4.894 38359.92
 97.46 4.898 81563.96
 85.24 4.898 72394.28
 102.68 4.898 61653.19
 47.8 4.898 51534.17
 9.86 4.898 39757.68
 10.5 4.901 36740.91
 91.09 4.904 114968.22
 27.94 4.904 76560.38
 67.67 4.904 73261.2
 7.06 4.904 61092.37
 68.81 4.904 58887.46
 8.08 4.904 57534.4
 70.72 4.904 51107.75
 60.41 4.904 49605
 61.43 4.907 83185.4
 62.57 4.907 58610.54
 13.55 4.907 50849.69
 72.25 4.907 45615.11
 136.16 4.907 43261.12
 73.27 4.907 38703.8
 23.49 4.911 123082.75
 69.07 4.911 74050.99
 132.85 4.911 64126.56
 70.47 4.911 60333.96
 108.41 4.911 53901.95
 107.01 4.911 53882.11
 27.05 4.914 166625.01
 25.52 4.914 149555.51
 91.48 4.914 134244.21
 110.83 4.914 107614.36
 130.56 4.914 105218.7
 22.59 4.914 90384.38
 114.14 4.914 89401.34
 112.48 4.914 80188.36
 24.89 4.914 78859.63
 109.55 4.914 78466.43
 131.84 4.914 76163.63
 111.85 4.914 75541.83
 113.25 4.914 59010.53
 63.85 4.914 58745.5
 102.81 4.914 53857.3
 115.28 4.914 52319.28
 128.14 4.914 49329.17
 45.77 4.914 37868.71
 93.64 4.917 166915.22
 129.8 4.917 101365.98
 92.62 4.917 89259.4
 94.91 4.917 83405.4
 66.65 4.917 79273.45
 28.71 4.917 73732.49
 64.86 4.917 72466.77
 42.2 4.917 69009.65
 8.21 4.917 62611.65
 32.53 4.917 57827.71
 44.11 4.917 56729.89
 67.79 4.917 53278.93
 43.47 4.917 44484.88
 125.98 4.917 39753.61
 23.87 4.921 176714.28
 30.74 4.921 106528.63
 134.38 4.921 73989.32
 105.35 4.921 72183.46
 29.6 4.921 52237.36
 69.32 4.921 46484.01
 96.31 4.924 126536.98
 6.93 4.924 58380.45
 9.86 4.927 84065.2
 110.96 4.927 67920.48
 109.94 4.927 62962.14
 29.47 4.927 47841.95
 8.84 4.927 44748.9
 128.02 4.927 39110.72
 97.46 4.927 38016.16
 108.54 4.927 37077.09
 95.29 4.93 116645.81
 85.24 4.93 81722.91
 70.72 4.93 72063.35
 113.37 4.93 68127.7
 46.02 4.93 51849.38
 114.39 4.93 35933.31
 27.05 4.934 138023.92
 25.52 4.934 135355.17
 112.36 4.934 116638.04
 106.88 4.934 77579.34
 129.8 4.934 73005.37
 67.54 4.934 69202.89
 28.71 4.934 63730.17
 6.93 4.934 63078.54
 27.94 4.934 55209.35
 8.08 4.934 46401.76
 128.91 4.934 41574.31
 32.65 4.934 40606.12
 65.12 4.934 35623.13
 69.45 4.934 34887.08
 75.05 4.934 34600.88
 66.65 4.937 66607.85
 132.85 4.937 49428.93
 131.84 4.94 78139.18
 114.01 4.94 73798
 130.69 4.94 63513.89
 94.02 4.94 61989.67
 61.68 4.94 55373.56
 31.38 4.94 49087.82
 128.02 4.94 41892.55
 92.75 4.94 41103.72
 69.07 4.94 38568.28
 22.72 4.944 91945.31
 96.31 4.944 86045.76
 91.86 4.944 78079.74
 108.66 4.944 69853.79
 9.1 4.944 65983.76
 110.96 4.944 59934.85
 110.32 4.944 56982.26
 30.36 4.944 49884.98
 42.2 4.944 48391.49
 71.99 4.944 45273.21
 76.07 4.944 43847.95
 27.05 4.947 104313.96
 97.46 4.947 96815.58
 47.8 4.947 81609.91
 29.47 4.947 75337.96
 43.47 4.947 65039.94
 44.49 4.947 61564.24
 91.09 4.947 56066.57
 105.35 4.947 52047
 62.57 4.947 44528.57
 9.73 4.947 39106.85
 23.61 4.95 109192.58
 27.81 4.95 65520.05
 30.62 4.95 50842.99
 64.86 4.95 50032.44
 134.38 4.95 49858.23
 115.28 4.95 47686.56
 70.72 4.95 47640.82
 6.93 4.95 40704.02
 32.27 4.95 36288.29
 113.25 4.95 35107.99
 114.39 4.953 88759.52
 19.67 4.953 73082.22
 24.76 4.953 66297.17
 128.02 4.953 43857.87
 93.38 4.957 124237.13
 9.86 4.957 77044.33
 129.8 4.957 76743.49
 132.73 4.957 58973.1
 94.15 4.957 52888.72
 95.42 4.957 48178.26
 28.71 4.957 44715.65
 68.43 4.957 43092.57
 63.59 4.957 39852.38
 128.91 4.957 36384.28
 87.4 4.957 35384.94
 109.81 4.96 78488.34
 112.48 4.96 69234.29
 130.69 4.96 49057.85
 25.65 4.963 104435.8
 91.98 4.963 88524.89
 110.96 4.963 81045.24
 27.05 4.963 76651.73
 27.94 4.963 67484.39
 85.11 4.963 53025.79
 102.81 4.963 50210.31
 6.93 4.963 46677.81
 97.71 4.963 41171.99
 23.74 4.967 97040.53
 26.54 4.967 75992.02
 67.41 4.967 46826.77
 30.49 4.967 46060.27
 92.62 4.967 41679.38
 65.63 4.967 34824.34
 105.61 4.97 75864.97
 130.69 4.97 72514.01
 22.72 4.97 46795.91
 132.73 4.97 46453.04
 113.37 4.97 42646.74
 128.02 4.97 42209.67
 29.34 4.97 40418.08
 115.28 4.97 35612.77
 129.8 4.973 96255.32
 24.89 4.973 64572.13
 106.88 4.973 64034.87
 71.87 4.973 36175.29
 95.42 4.976 100959.28
 85.36 4.976 47515.45
 70.59 4.976 45731.06
 93.64 4.976 45062.74
 6.93 4.976 34517.52
 25.65 4.98 119959.55
 27.05 4.98 100265.19
 75.05 4.98 80220.06
 66.52 4.98 80076.65
 27.94 4.98 54676.61
 28.71 4.98 53319.86
 32.4 4.98 43711.63
 94.02 4.98 43571.12
 23.99 4.983 74625.71
 10.12 4.983 69078.87
 30.62 4.983 48353.54
 112.48 4.983 47056.9
 128.14 4.983 45120.25
 68.94 4.983 45002.97
 92.88 4.983 44484.18
 113.5 4.983 43640.63
 63.46 4.983 43383.64
 107.01 4.983 42444.66
 107.9 4.983 41471.39
 31.51 4.983 41464.04
 110.96 4.986 76131.17
 67.67 4.986 72615.32
 26.16 4.986 69992.84
 29.47 4.986 35229.6
 131.84 4.986 35226.13
 66.65 4.99 74598.87
 91.98 4.99 74377.11
 130.69 4.99 66884.22
 96.31 4.99 54886.71
 13.55 4.99 42459.33
 27.05 4.993 65034.6
 27.94 4.993 58063.26
 108.54 4.993 41588.34
 134.38 4.996 42392.02
 91.22 4.996 37465.98
 93.26 4.999 67914.03
 64.99 4.999 61741.24
 131.84 4.999 43582.93
 132.73 4.999 42485.79
 114.01 4.999 42419.2
 128.78 4.999 34907.33
 95.55 5.003 40726.23
 24.89 5.003 36930.41
 93.64 5.006 73303.15
 27.05 5.006 69793.89
 25.52 5.006 65041.07
 110.83 5.006 62724.37
 23.87 5.006 57194.32
 26.41 5.006 56104.38
 92.49 5.006 53568.66
 28.71 5.006 45629.93
 32.4 5.006 44592.3
 27.94 5.006 43675.02
 67.92 5.006 43041.13
 97.59 5.006 40564.55
 91.98 5.006 39160.54
 29.6 5.009 36466.95
 105.61 5.013 59921.18
 129.8 5.013 56238.39
 68.94 5.013 51124.42
 95.8 5.016 71641.94
 130.82 5.016 39727.67
 128.14 5.016 39412.56
 132.73 5.016 38244.43
 66.52 5.016 37904.78
 128.91 5.016 35504.67
 92.75 5.019 57413.33
 24.89 5.019 51813.66
 7.82 5.019 47681.9
 30.36 5.019 44911.97
 105.48 5.019 41964.63
 29.47 5.019 36542.28
 113.37 5.019 35243.25
 43.47 5.019 34623.49
 25.65 5.022 80395.89
 26.92 5.022 71607.98
 23.99 5.022 65213.53
 96.31 5.022 55782.32
 22.72 5.022 46895.33
 27.94 5.022 43506.71
 85.24 5.022 43011.71
 28.83 5.022 41560.8
 106.75 5.022 40719.73
 91.86 5.022 37699.37
 95.42 5.026 44974.83
 67.67 5.029 62779.85
 94.02 5.029 62003.67
 110.96 5.029 53588.4
 112.36 5.029 49107.11
 134.26 5.032 45810.01
 25.78 5.036 72192.53
 130.69 5.036 57227.01
 132.73 5.036 48278.97
 91.86 5.036 44243.47
 66.52 5.036 41604.33
 131.71 5.036 34904.28
 129.8 5.039 61236.28
 95.17 5.039 44117.59
 97.33 5.039 39329.32
 109.94 5.039 38646.62
 105.61 5.042 41929.25
 108.54 5.042 37658.41
 32.27 5.042 34937.05
 27.05 5.045 69618.04
 23.87 5.045 57472.76
 112.48 5.045 49182.05
 92.62 5.045 37589.22
 111.08 5.049 56926.99
 22.72 5.049 46007.41
 97.33 5.049 36826.8
 26.29 5.052 46624.06
 27.94 5.052 41454.73
 96.31 5.052 41361.91
 114.39 5.052 40283.85
 93.38 5.052 36272.01
 64.99 5.055 41567.11
 111.59 5.055 41434.05
 7.82 5.055 38885.75
 112.48 5.059 41954.29
 95.55 5.059 38887.38
 19.67 5.059 37090.23
 131.71 5.059 36705.33
 25.27 5.062 59614.06
 94.02 5.062 47424.61
 68.43 5.062 43223.78
 115.28 5.062 42685.19
 128.91 5.062 42252.04
 31.38 5.062 38212.06
 132.73 5.065 69646.44
 24.12 5.065 57259.22
 106.63 5.065 38191.44
 27.81 5.065 36859
 93.38 5.068 75470.64
 23.49 5.068 48211.21
 111.08 5.068 44654.52
 67.28 5.068 41100.45
 27.05 5.072 77794.3
 129.93 5.072 76777.04
 97.59 5.072 69911.04
 91.6 5.072 51606.37
 110.19 5.075 43921.23
 113.37 5.075 37422.16
 25.52 5.078 74480.31
 129.8 5.078 57613.65
 91.86 5.078 54549.7
 95.17 5.078 46917.32
 70.72 5.078 40827.26
 128.02 5.078 37847.86
 112.48 5.078 35512.15
 66.52 5.081 55481.41
 7.7 5.081 43175.23
 130.56 5.081 40988.44
 134.26 5.081 39363.78
 95.42 5.085 70573.59
 9.99 5.085 44944.81
 31.51 5.088 41329.67
 24.12 5.091 53482.63
 110.96 5.091 52533.81
 94.15 5.091 41815.28
 27.05 5.095 48538.92
 23.49 5.095 36201.4
 91.86 5.095 36025.22
 130.05 5.098 40303.95
 112.48 5.098 39053.29
 25.52 5.101 56818.45
 26.16 5.101 37156.13
 93.38 5.104 65773.29
 97.59 5.108 43479.85
 113.37 5.111 38918.02
 26.29 5.114 44850
 112.1 5.114 39283.29
 85.24 5.114 37851.02
 27.05 5.118 55389.5
 23.99 5.118 40498.86
 24.89 5.118 37480.15
 25.65 5.121 59269.92
 110.83 5.124 34825.47
 112.36 5.127 41672.12
 91.86 5.131 42500.24
 24.89 5.131 38411.41
 131.71 5.134 47260.09
 95.42 5.134 42770.83
 129.93 5.137 48423.19
 95.8 5.137 46046.2
 93.38 5.137 39458.72
 27.05 5.141 51399.81
 113.37 5.144 40591.38
 93.64 5.144 39650.34
 25.27 5.147 47060.53
 24.12 5.15 47853.1
 94.02 5.15 40402.58
 23.49 5.15 36329
 95.42 5.157 39359.88
 110.96 5.157 35476.8
 63.59 5.157 34546.3
 130.05 5.16 35651.54
 25.52 5.167 64142.1
 66.52 5.167 43125.8
 112.36 5.167 40277.98
 96.31 5.17 47952.44
 26.16 5.17 44797.92
 91.86 5.17 41858.84
 23.87 5.173 49688.91
 10.24 5.177 37084.77
 26.92 5.18 57081.03
 26.29 5.18 42447.05
 134.26 5.18 39998.11
 25.52 5.19 49245.88
 110.96 5.193 37831.23
 96.95 5.196 107299.83
 23.61 5.2 38276.56
 27.05 5.2 36156.49
 110.32 5.203 42584.99
 112.48 5.203 38443.1
 26.29 5.203 35791.48
 23.87 5.206 45086.24
 27.94 5.206 37847.96
 25.52 5.21 49317.59
 91.86 5.21 38794.74
 130.69 5.21 38579.86
 128.27 5.21 34760.56
 69.32 5.216 34927.43
 67.67 5.219 38915.83
 93.38 5.219 37945.53
 70.59 5.223 43614.94
 97.46 5.223 41261.26
 95.17 5.226 102418.8
 26.29 5.229 48591.06
 27.05 5.229 44883.84
 112.36 5.229 37333.91
 91.98 5.233 37431.12
 23.99 5.236 39011.18
 25.14 5.236 37042.92
 25.9 5.242 46287.33
 94.91 5.249 6412591
 95.93 5.249 214096.92
 96.7 5.249 109246.08
 93.89 5.252 89221.75
 74.29 5.252 71478.51
 97.46 5.252 52419.07
 98.86 5.252 40514.3
 93.13 5.255 56775.02
 91.86 5.255 42955.08
 130.69 5.262 35840.77
 27.05 5.269 40854.19
 98.73 5.275 112480.6
 130.69 5.278 67979.39
 25.4 5.278 40550.47
 95.55 5.282 39803.32
 25.4 5.295 35054.96
 91.86 5.301 35189.67
 25.4 5.308 38668.29
 23.36 5.311 39063.18
 26.29 5.315 35510.46
 25.65 5.318 45400.62
 27.05 5.331 35935.09
 25.27 5.341 48950.63
 25.52 5.384 45391.52
 23.99 5.384 36400.57
 27.05 5.387 37093.27
 95.17 5.416 50099.47
 25.52 5.416 37390.53
 110.83 5.42 35627.29
 95.17 5.429 67123.02
 25.65 5.449 35247.2
 91.98 5.452 44007.7
 27.05 5.466 38337.07
 129.8 5.466 38133.54
 25.27 5.508 42913.92
 92.88 5.584 42574.48
 25.78 5.62 37978.35
 23.99 5.682 34706.76
 25.65 5.758 36459.99
 94.91 5.863 77920.64
 95.04 6.493 35912.31
 118.85 6.903 119334.59
 119.87 7.071 74833.85
 133.62 7.196 68491.15
 123.94 7.242 1390248.13
 124.96 7.242 84219.53
 128.14 7.334 54104.71
 132.22 7.337 66477.53
 131.96 7.435 47588.12
 114.9 7.55 58055.28
 138.33 8.043 322153.47
